#	A	B	M	N
1	1	10	2	11
2	1	10	11	3
3	1	10	3	12
4	1	10	12	4
5	1	10	4	13
6	1	10	13	5
7	1	10	5	14
8	1	10	14	6
9	1	10	6	15
10	1	10	15	7
11	1	11	2	12
12	1	11	12	3
13	1	11	3	13
14	1	11	13	4
15	1	11	4	14
16	1	11	14	5
17	1	11	5	15
18	1	11	15	6
19	1	11	6	16
20	1	11	16	7
21	2	10	11	3
22	2	10	3	12
23	2	10	12	4
24	2	10	4	13
25	2	10	13	5
26	2	10	5	14
27	2	10	14	6
28	2	10	6	15
29	2	10	15	7
30	2	10	7	16
31	2	11	3	12
32	2	11	12	4
33	2	11	4	13
34	2	11	13	5
35	2	11	5	14
36	2	11	14	6
37	2	11	6	15
38	2	11	15	7
39	2	11	7	16
40	2	11	16	8
41	2	12	3	13
42	2	12	13	4
43	2	12	4	14
44	2	12	14	5
45	2	12	5	15
46	2	12	15	6
47	2	12	6	16
48	2	12	16	7
49	2	12	7	17
50	2	12	17	8
51	3	11	12	4
52	3	11	4	13
53	3	11	13	5
54	3	11	5	14
55	3	11	14	6
56	3	11	6	15
57	3	11	15	7
58	3	11	7	16
59	3	11	16	8
60	3	11	8	17
61	3	12	4	13
62	3	12	13	5
63	3	12	5	14
64	3	12	14	6
65	3	12	6	15
66	3	12	15	7
67	3	12	7	16
68	3	12	16	8
69	3	12	8	17
70	3	12	17	9
71	3	13	4	14
72	3	13	14	5
73	3	13	5	15
74	3	13	15	6
75	3	13	6	16
76	3	13	16	7
77	3	13	7	17
78	3	13	17	8
79	3	13	8	18
80	3	13	18	9
81	4	12	13	5
82	4	12	5	14
83	4	12	14	6
84	4	12	6	15
85	4	12	15	7
86	4	12	7	16
87	4	12	16	8
88	4	12	8	17
89	4	12	17	9
90	4	12	9	18
91	4	13	5	14
92	4	13	14	6
93	4	13	6	15
94	4	13	15	7
95	4	13	7	16
96	4	13	16	8
97	4	13	8	17
98	4	13	17	9
99	4	13	9	18
100	4	14	5	15
101	4	14	15	6
102	4	14	6	16
103	4	14	16	7
104	4	14	7	17
105	4	14	17	8
106	4	14	8	18
107	4	14	18	9
108	5	13	14	6
109	5	13	6	15
110	5	13	15	7
111	5	13	7	16
112	5	13	16	8
113	5	13	8	17
114	5	13	17	9
115	5	13	9	18
116	5	14	6	15
117	5	14	15	7
118	5	14	7	16
119	5	14	16	8
120	5	14	8	17
121	5	14	17	9
122	5	14	9	18
123	5	15	6	16
124	5	15	16	7
125	5	15	7	17
126	5	15	17	8
127	5	15	8	18
128	5	15	18	9
129	6	14	15	7
130	6	14	7	16
131	6	14	16	8
132	6	14	8	17
133	6	14	17	9
134	6	14	9	18
135	6	15	7	16
136	6	15	16	8
137	6	15	8	17
138	6	15	17	9
139	6	15	9	18
140	6	16	7	17
141	6	16	17	8
142	6	16	8	18
143	6	16	18	9
144	7	15	16	8
145	7	15	8	17
146	7	15	17	9
147	7	15	9	18
148	7	16	8	17
149	7	16	17	9
150	7	16	9	18
151	7	17	8	18
152	7	17	18	9
153	8	16	17	9
154	8	16	9	18
155	8	17	9	18			
156	10	19	11	20
157	10	19	20	12
158	10	19	12	21
159	10	19	21	13
160	10	19	13	22
161	10	19	22	14
162	10	19	14	23
163	10	19	23	15
164	10	19	15	24
165	10	19	24	16
166	10	20	11	21
167	10	20	21	12
168	10	20	12	22
169	10	20	22	13
170	10	20	13	23
171	10	20	23	14
172	10	20	14	24
173	10	20	24	15
174	10	20	15	25
175	10	20	25	16
176	11	19	20	12
177	11	19	12	21
178	11	19	21	13
179	11	19	13	22
180	11	19	22	14
181	11	19	14	23
182	11	19	23	15
183	11	19	15	24
184	11	19	24	16
185	11	19	16	25
186	11	20	12	21
187	11	20	21	13
188	11	20	13	22
189	11	20	22	14
190	11	20	14	23
191	11	20	23	15
192	11	20	15	24
193	11	20	24	16
194	11	20	16	25
195	11	20	25	17
196	11	21	12	22
197	11	21	22	13
198	11	21	13	23
199	11	21	23	14
200	11	21	14	24
201	11	21	24	15
202	11	21	15	25
203	11	21	25	16
204	11	21	16	26
205	11	21	26	17
206	12	20	21	13
207	12	20	13	22
208	12	20	22	14
209	12	20	14	23
210	12	20	23	15
211	12	20	15	24
212	12	20	24	16
213	12	20	16	25
214	12	20	25	17
215	12	20	17	26
216	12	21	13	22
217	12	21	22	14
218	12	21	14	23
219	12	21	23	15
220	12	21	15	24
221	12	21	24	16
222	12	21	16	25
223	12	21	25	17
224	12	21	17	26
225	12	21	26	18
226	12	22	13	23
227	12	22	23	14
228	12	22	14	24
229	12	22	24	15
230	12	22	15	25
231	12	22	25	16
232	12	22	16	26
233	12	22	26	17
234	12	22	17	27
235	12	22	27	18
236	13	21	22	14
237	13	21	14	23
238	13	21	23	15
239	13	21	15	24
240	13	21	24	16
241	13	21	16	25
242	13	21	25	17
243	13	21	17	26
244	13	21	26	18
245	13	21	18	27
246	13	22	14	23
247	13	22	23	15
248	13	22	15	24
249	13	22	24	16
250	13	22	16	25
251	13	22	25	17
252	13	22	17	26
253	13	22	26	18
254	13	22	18	27
255	13	23	14	24
256	13	23	24	15
257	13	23	15	25
258	13	23	25	16
259	13	23	16	26
260	13	23	26	17
261	13	23	17	27
262	13	23	27	18
263	14	22	23	15
264	14	22	15	24
265	14	22	24	16
266	14	22	16	25
267	14	22	25	17
268	14	22	17	26
269	14	22	26	18
270	14	22	18	27
271	14	23	15	24
272	14	23	24	16
273	14	23	16	25
274	14	23	25	17
275	14	23	17	26
276	14	23	26	18
277	14	23	18	27
278	14	24	15	25
279	14	24	25	16
280	14	24	16	26
281	14	24	26	17
282	14	24	17	27
283	14	24	27	18
284	15	23	24	16
285	15	23	16	25
286	15	23	25	17
287	15	23	17	26
288	15	23	26	18
289	15	23	18	27
290	15	24	16	25
291	15	24	25	17
292	15	24	17	26
293	15	24	26	18
294	15	24	18	27
295	15	25	16	26
296	15	25	26	17
297	15	25	17	27
298	15	25	27	18
299	16	24	25	17
300	16	24	17	26
301	16	24	26	18
302	16	24	18	27
303	16	25	17	26
304	16	25	26	18
305	16	25	18	27
306	16	26	17	27
307	16	26	27	18
308	17	25	26	18
309	17	25	18	27
310	17	26	18	27				
311	19	28	20	29
312	19	28	29	21
313	19	28	21	30
314	19	28	30	22
315	19	28	22	31
316	19	28	31	23
317	19	28	23	32
318	19	28	32	24
319	19	28	24	33
320	19	28	33	25
321	19	29	20	30
322	19	29	30	21
323	19	29	21	31
324	19	29	31	22
325	19	29	22	32
326	19	29	32	23
327	19	29	23	33
328	19	29	33	24
329	19	29	24	34
330	19	29	34	25
331	20	28	29	21
332	20	28	21	30
333	20	28	30	22
334	20	28	22	31
335	20	28	31	23
336	20	28	23	32
337	20	28	32	24
338	20	28	24	33
339	20	28	33	25
340	20	28	25	34
341	20	29	21	30
342	20	29	30	22
343	20	29	22	31
344	20	29	31	23
345	20	29	23	32
346	20	29	32	24
347	20	29	24	33
348	20	29	33	25
349	20	29	25	34
350	20	29	34	26
351	20	30	21	31
352	20	30	31	22
353	20	30	22	32
354	20	30	32	23
355	20	30	23	33
356	20	30	33	24
357	20	30	24	34
358	20	30	34	25
359	20	30	25	35
360	20	30	35	26
361	21	29	30	22
362	21	29	22	31
363	21	29	31	23
364	21	29	23	32
365	21	29	32	24
366	21	29	24	33
367	21	29	33	25
368	21	29	25	34
369	21	29	34	26
370	21	29	26	35
371	21	30	22	31
372	21	30	31	23
373	21	30	23	32
374	21	30	32	24
375	21	30	24	33
376	21	30	33	25
377	21	30	25	34
378	21	30	34	26
379	21	30	26	35
380	21	30	35	27
381	21	31	22	32
382	21	31	32	23
383	21	31	23	33
384	21	31	33	24
385	21	31	24	34
386	21	31	34	25
387	21	31	25	35
388	21	31	35	26
389	21	31	26	36
390	21	31	36	27
391	22	30	31	23
392	22	30	23	32
393	22	30	32	24
394	22	30	24	33
395	22	30	33	25
396	22	30	25	34
397	22	30	34	26
398	22	30	26	35
399	22	30	35	27
400	22	30	27	36
401	22	31	23	32
402	22	31	32	24
403	22	31	24	33
404	22	31	33	25
405	22	31	25	34
406	22	31	34	26
407	22	31	26	35
408	22	31	35	27
409	22	31	27	36
410	22	32	23	33
411	22	32	33	24
412	22	32	24	34
413	22	32	34	25
414	22	32	25	35
415	22	32	35	26
416	22	32	26	36
417	22	32	36	27
418	23	31	32	24
419	23	31	24	33
420	23	31	33	25
421	23	31	25	34
422	23	31	34	26
423	23	31	26	35
424	23	31	35	27
425	23	31	27	36
426	23	32	24	33
427	23	32	33	25
428	23	32	25	34
429	23	32	34	26
430	23	32	26	35
431	23	32	35	27
432	23	32	27	36
433	23	33	24	34
434	23	33	34	25
435	23	33	25	35
436	23	33	35	26
437	23	33	26	36
438	23	33	36	27
439	24	32	33	25
440	24	32	25	34
441	24	32	34	26
442	24	32	26	35
443	24	32	35	27
444	24	32	27	36
445	24	33	25	34
446	24	33	34	26
447	24	33	26	35
448	24	33	35	27
449	24	33	27	36
450	24	34	25	35
451	24	34	35	26
452	24	34	26	36
453	24	34	36	27
454	25	33	34	26
455	25	33	26	35
456	25	33	35	27
457	25	33	27	36
458	25	34	26	35
459	25	34	35	27
460	25	34	27	36
461	25	35	26	36
462	25	35	36	27
463	26	34	35	27
464	26	34	27	36
465	26	35	27	36				
466	1	46	2	47
467	1	46	47	3
468	1	46	3	48
469	1	46	48	4
470	1	46	4	49
471	1	46	49	5
472	1	46	5	50
473	1	46	50	6
474	1	46	6	51
475	1	46	51	7
476	1	47	2	48
477	1	47	48	3
478	1	47	3	49
479	1	47	49	4
480	1	47	4	50
481	1	47	50	5
482	1	47	5	51
483	1	47	51	6
484	1	47	6	52
485	1	47	52	7
486	2	46	47	3
487	2	46	3	48
488	2	46	48	4
489	2	46	4	49
490	2	46	49	5
491	2	46	5	50
492	2	46	50	6
493	2	46	6	51
494	2	46	51	7
495	2	46	7	52
496	2	47	3	48
497	2	47	48	4
498	2	47	4	49
499	2	47	49	5
500	2	47	5	50
501	2	47	50	6
502	2	47	6	51
503	2	47	51	7
504	2	47	7	52
505	2	47	52	8
506	2	48	3	49
507	2	48	49	4
508	2	48	4	50
509	2	48	50	5
510	2	48	5	51
511	2	48	51	6
512	2	48	6	52
513	2	48	52	7
514	2	48	7	53
515	2	48	53	8
516	3	47	48	4
517	3	47	4	49
518	3	47	49	5
519	3	47	5	50
520	3	47	50	6
521	3	47	6	51
522	3	47	51	7
523	3	47	7	52
524	3	47	52	8
525	3	47	8	53
526	3	48	4	49
527	3	48	49	5
528	3	48	5	50
529	3	48	50	6
530	3	48	6	51
531	3	48	51	7
532	3	48	7	52
533	3	48	52	8
534	3	48	8	53
535	3	48	53	9
536	3	49	4	50
537	3	49	50	5
538	3	49	5	51
539	3	49	51	6
540	3	49	6	52
541	3	49	52	7
542	3	49	7	53
543	3	49	53	8
544	3	49	8	54
545	3	49	54	9
546	4	48	49	5
547	4	48	5	50
548	4	48	50	6
549	4	48	6	51
550	4	48	51	7
551	4	48	7	52
552	4	48	52	8
553	4	48	8	53
554	4	48	53	9
555	4	48	9	54
556	4	49	5	50
557	4	49	50	6
558	4	49	6	51
559	4	49	51	7
560	4	49	7	52
561	4	49	52	8
562	4	49	8	53
563	4	49	53	9
564	4	49	9	54
565	4	50	5	51
566	4	50	51	6
567	4	50	6	52
568	4	50	52	7
569	4	50	7	53
570	4	50	53	8
571	4	50	8	54
572	4	50	54	9
573	5	49	50	6
574	5	49	6	51
575	5	49	51	7
576	5	49	7	52
577	5	49	52	8
578	5	49	8	53
579	5	49	53	9
580	5	49	9	54
581	5	50	6	51
582	5	50	51	7
583	5	50	7	52
584	5	50	52	8
585	5	50	8	53
586	5	50	53	9
587	5	50	9	54
588	5	51	6	52
589	5	51	52	7
590	5	51	7	53
591	5	51	53	8
592	5	51	8	54
593	5	51	54	9
594	6	50	51	7
595	6	50	7	52
596	6	50	52	8
597	6	50	8	53
598	6	50	53	9
599	6	50	9	54
600	6	51	7	52
601	6	51	52	8
602	6	51	8	53
603	6	51	53	9
604	6	51	9	54
605	6	52	7	53
606	6	52	53	8
607	6	52	8	54
608	6	52	54	9
609	7	51	52	8
610	7	51	8	53
611	7	51	53	9
612	7	51	9	54
613	7	52	8	53
614	7	52	53	9
615	7	52	9	54
616	7	53	8	54
617	7	53	54	9
618	8	52	53	9
619	8	52	9	54
620	8	53	9	54				
621	37	10	38	11
622	37	10	11	39
623	37	10	39	12
624	37	10	12	40
625	37	10	40	13
626	37	10	13	41
627	37	10	41	14
628	37	10	14	42
629	37	10	42	15
630	37	10	15	43
631	37	11	38	12
632	37	11	12	39
633	37	11	39	13
634	37	11	13	40
635	37	11	40	14
636	37	11	14	41
637	37	11	41	15
638	37	11	15	42
639	37	11	42	16
640	37	11	16	43
641	38	10	11	39
642	38	10	39	12
643	38	10	12	40
644	38	10	40	13
645	38	10	13	41
646	38	10	41	14
647	38	10	14	42
648	38	10	42	15
649	38	10	15	43
650	38	10	43	16
651	38	11	39	12
652	38	11	12	40
653	38	11	40	13
654	38	11	13	41
655	38	11	41	14
656	38	11	14	42
657	38	11	42	15
658	38	11	15	43
659	38	11	43	16
660	38	11	16	44
661	38	12	39	13
662	38	12	13	40
663	38	12	40	14
664	38	12	14	41
665	38	12	41	15
666	38	12	15	42
667	38	12	42	16
668	38	12	16	43
669	38	12	43	17
670	38	12	17	44
671	39	11	12	40
672	39	11	40	13
673	39	11	13	41
674	39	11	41	14
675	39	11	14	42
676	39	11	42	15
677	39	11	15	43
678	39	11	43	16
679	39	11	16	44
680	39	11	44	17
681	39	12	40	13
682	39	12	13	41
683	39	12	41	14
684	39	12	14	42
685	39	12	42	15
686	39	12	15	43
687	39	12	43	16
688	39	12	16	44
689	39	12	44	17
690	39	12	17	45
691	39	13	40	14
692	39	13	14	41
693	39	13	41	15
694	39	13	15	42
695	39	13	42	16
696	39	13	16	43
697	39	13	43	17
698	39	13	17	44
699	39	13	44	18
700	39	13	18	45
701	40	12	13	41
702	40	12	41	14
703	40	12	14	42
704	40	12	42	15
705	40	12	15	43
706	40	12	43	16
707	40	12	16	44
708	40	12	44	17
709	40	12	17	45
710	40	12	45	18
711	40	13	41	14
712	40	13	14	42
713	40	13	42	15
714	40	13	15	43
715	40	13	43	16
716	40	13	16	44
717	40	13	44	17
718	40	13	17	45
719	40	13	45	18
720	40	14	41	15
721	40	14	15	42
722	40	14	42	16
723	40	14	16	43
724	40	14	43	17
725	40	14	17	44
726	40	14	44	18
727	40	14	18	45
728	41	13	14	42
729	41	13	42	15
730	41	13	15	43
731	41	13	43	16
732	41	13	16	44
733	41	13	44	17
734	41	13	17	45
735	41	13	45	18
736	41	14	42	15
737	41	14	15	43
738	41	14	43	16
739	41	14	16	44
740	41	14	44	17
741	41	14	17	45
742	41	14	45	18
743	41	15	42	16
744	41	15	16	43
745	41	15	43	17
746	41	15	17	44
747	41	15	44	18
748	41	15	18	45
749	42	14	15	43
750	42	14	43	16
751	42	14	16	44
752	42	14	44	17
753	42	14	17	45
754	42	14	45	18
755	42	15	43	16
756	42	15	16	44
757	42	15	44	17
758	42	15	17	45
759	42	15	45	18
760	42	16	43	17
761	42	16	17	44
762	42	16	44	18
763	42	16	18	45
764	43	15	16	44
765	43	15	44	17
766	43	15	17	45
767	43	15	45	18
768	43	16	44	17
769	43	16	17	45
770	43	16	45	18
771	43	17	44	18
772	43	17	18	45
773	44	16	17	45
774	44	16	45	18
775	44	17	45	18				
776	10	55	11	56
777	10	55	56	12
778	10	55	12	57
779	10	55	57	13
780	10	55	13	58
781	10	55	58	14
782	10	55	14	59
783	10	55	59	15
784	10	55	15	60
785	10	55	60	16
786	10	56	11	57
787	10	56	57	12
788	10	56	12	58
789	10	56	58	13
790	10	56	13	59
791	10	56	59	14
792	10	56	14	60
793	10	56	60	15
794	10	56	15	61
795	10	56	61	16
796	11	55	56	12
797	11	55	12	57
798	11	55	57	13
799	11	55	13	58
800	11	55	58	14
801	11	55	14	59
802	11	55	59	15
803	11	55	15	60
804	11	55	60	16
805	11	55	16	61
806	11	56	12	57
807	11	56	57	13
808	11	56	13	58
809	11	56	58	14
810	11	56	14	59
811	11	56	59	15
812	11	56	15	60
813	11	56	60	16
814	11	56	16	61
815	11	56	61	17
816	11	57	12	58
817	11	57	58	13
818	11	57	13	59
819	11	57	59	14
820	11	57	14	60
821	11	57	60	15
822	11	57	15	61
823	11	57	61	16
824	11	57	16	62
825	11	57	62	17
826	12	56	57	13
827	12	56	13	58
828	12	56	58	14
829	12	56	14	59
830	12	56	59	15
831	12	56	15	60
832	12	56	60	16
833	12	56	16	61
834	12	56	61	17
835	12	56	17	62
836	12	57	13	58
837	12	57	58	14
838	12	57	14	59
839	12	57	59	15
840	12	57	15	60
841	12	57	60	16
842	12	57	16	61
843	12	57	61	17
844	12	57	17	62
845	12	57	62	18
846	12	58	13	59
847	12	58	59	14
848	12	58	14	60
849	12	58	60	15
850	12	58	15	61
851	12	58	61	16
852	12	58	16	62
853	12	58	62	17
854	12	58	17	63
855	12	58	63	18
856	13	57	58	14
857	13	57	14	59
858	13	57	59	15
859	13	57	15	60
860	13	57	60	16
861	13	57	16	61
862	13	57	61	17
863	13	57	17	62
864	13	57	62	18
865	13	57	18	63
866	13	58	14	59
867	13	58	59	15
868	13	58	15	60
869	13	58	60	16
870	13	58	16	61
871	13	58	61	17
872	13	58	17	62
873	13	58	62	18
874	13	58	18	63
875	13	59	14	60
876	13	59	60	15
877	13	59	15	61
878	13	59	61	16
879	13	59	16	62
880	13	59	62	17
881	13	59	17	63
882	13	59	63	18
883	14	58	59	15
884	14	58	15	60
885	14	58	60	16
886	14	58	16	61
887	14	58	61	17
888	14	58	17	62
889	14	58	62	18
890	14	58	18	63
891	14	59	15	60
892	14	59	60	16
893	14	59	16	61
894	14	59	61	17
895	14	59	17	62
896	14	59	62	18
897	14	59	18	63
898	14	60	15	61
899	14	60	61	16
900	14	60	16	62
901	14	60	62	17
902	14	60	17	63
903	14	60	63	18
904	15	59	60	16
905	15	59	16	61
906	15	59	61	17
907	15	59	17	62
908	15	59	62	18
909	15	59	18	63
910	15	60	16	61
911	15	60	61	17
912	15	60	17	62
913	15	60	62	18
914	15	60	18	63
915	15	61	16	62
916	15	61	62	17
917	15	61	17	63
918	15	61	63	18
919	16	60	61	17
920	16	60	17	62
921	16	60	62	18
922	16	60	18	63
923	16	61	17	62
924	16	61	62	18
925	16	61	18	63
926	16	62	17	63
927	16	62	63	18
928	17	61	62	18
929	17	61	18	63
930	17	62	18	63				
931	46	19	47	20
932	46	19	20	48
933	46	19	48	21
934	46	19	21	49
935	46	19	49	22
936	46	19	22	50
937	46	19	50	23
938	46	19	23	51
939	46	19	51	24
940	46	19	24	52
941	46	20	47	21
942	46	20	21	48
943	46	20	48	22
944	46	20	22	49
945	46	20	49	23
946	46	20	23	50
947	46	20	50	24
948	46	20	24	51
949	46	20	51	25
950	46	20	25	52
951	47	19	20	48
952	47	19	48	21
953	47	19	21	49
954	47	19	49	22
955	47	19	22	50
956	47	19	50	23
957	47	19	23	51
958	47	19	51	24
959	47	19	24	52
960	47	19	52	25
961	47	20	48	21
962	47	20	21	49
963	47	20	49	22
964	47	20	22	50
965	47	20	50	23
966	47	20	23	51
967	47	20	51	24
968	47	20	24	52
969	47	20	52	25
970	47	20	25	53
971	47	21	48	22
972	47	21	22	49
973	47	21	49	23
974	47	21	23	50
975	47	21	50	24
976	47	21	24	51
977	47	21	51	25
978	47	21	25	52
979	47	21	52	26
980	47	21	26	53
981	48	20	21	49
982	48	20	49	22
983	48	20	22	50
984	48	20	50	23
985	48	20	23	51
986	48	20	51	24
987	48	20	24	52
988	48	20	52	25
989	48	20	25	53
990	48	20	53	26
991	48	21	49	22
992	48	21	22	50
993	48	21	50	23
994	48	21	23	51
995	48	21	51	24
996	48	21	24	52
997	48	21	52	25
998	48	21	25	53
999	48	21	53	26
1000	48	21	26	54
1001	48	22	49	23
1002	48	22	23	50
1003	48	22	50	24
1004	48	22	24	51
1005	48	22	51	25
1006	48	22	25	52
1007	48	22	52	26
1008	48	22	26	53
1009	48	22	53	27
1010	48	22	27	54
1011	49	21	22	50
1012	49	21	50	23
1013	49	21	23	51
1014	49	21	51	24
1015	49	21	24	52
1016	49	21	52	25
1017	49	21	25	53
1018	49	21	53	26
1019	49	21	26	54
1020	49	21	54	27
1021	49	22	50	23
1022	49	22	23	51
1023	49	22	51	24
1024	49	22	24	52
1025	49	22	52	25
1026	49	22	25	53
1027	49	22	53	26
1028	49	22	26	54
1029	49	22	54	27
1030	49	23	50	24
1031	49	23	24	51
1032	49	23	51	25
1033	49	23	25	52
1034	49	23	52	26
1035	49	23	26	53
1036	49	23	53	27
1037	49	23	27	54
1038	50	22	23	51
1039	50	22	51	24
1040	50	22	24	52
1041	50	22	52	25
1042	50	22	25	53
1043	50	22	53	26
1044	50	22	26	54
1045	50	22	54	27
1046	50	23	51	24
1047	50	23	24	52
1048	50	23	52	25
1049	50	23	25	53
1050	50	23	53	26
1051	50	23	26	54
1052	50	23	54	27
1053	50	24	51	25
1054	50	24	25	52
1055	50	24	52	26
1056	50	24	26	53
1057	50	24	53	27
1058	50	24	27	54
1059	51	23	24	52
1060	51	23	52	25
1061	51	23	25	53
1062	51	23	53	26
1063	51	23	26	54
1064	51	23	54	27
1065	51	24	52	25
1066	51	24	25	53
1067	51	24	53	26
1068	51	24	26	54
1069	51	24	54	27
1070	51	25	52	26
1071	51	25	26	53
1072	51	25	53	27
1073	51	25	27	54
1074	52	24	25	53
1075	52	24	53	26
1076	52	24	26	54
1077	52	24	54	27
1078	52	25	53	26
1079	52	25	26	54
1080	52	25	54	27
1081	52	26	53	27
1082	52	26	27	54
1083	53	25	26	54
1084	53	25	54	27
1085	53	26	54	27				
1086	19	64	20	65
1087	19	64	65	21
1088	19	64	21	66
1089	19	64	66	22
1090	19	64	22	67
1091	19	64	67	23
1092	19	64	23	68
1093	19	64	68	24
1094	19	64	24	69
1095	19	64	69	25
1096	19	65	20	66
1097	19	65	66	21
1098	19	65	21	67
1099	19	65	67	22
1100	19	65	22	68
1101	19	65	68	23
1102	19	65	23	69
1103	19	65	69	24
1104	19	65	24	70
1105	19	65	70	25
1106	20	64	65	21
1107	20	64	21	66
1108	20	64	66	22
1109	20	64	22	67
1110	20	64	67	23
1111	20	64	23	68
1112	20	64	68	24
1113	20	64	24	69
1114	20	64	69	25
1115	20	64	25	70
1116	20	65	21	66
1117	20	65	66	22
1118	20	65	22	67
1119	20	65	67	23
1120	20	65	23	68
1121	20	65	68	24
1122	20	65	24	69
1123	20	65	69	25
1124	20	65	25	70
1125	20	65	70	26
1126	20	66	21	67
1127	20	66	67	22
1128	20	66	22	68
1129	20	66	68	23
1130	20	66	23	69
1131	20	66	69	24
1132	20	66	24	70
1133	20	66	70	25
1134	20	66	25	71
1135	20	66	71	26
1136	21	65	66	22
1137	21	65	22	67
1138	21	65	67	23
1139	21	65	23	68
1140	21	65	68	24
1141	21	65	24	69
1142	21	65	69	25
1143	21	65	25	70
1144	21	65	70	26
1145	21	65	26	71
1146	21	66	22	67
1147	21	66	67	23
1148	21	66	23	68
1149	21	66	68	24
1150	21	66	24	69
1151	21	66	69	25
1152	21	66	25	70
1153	21	66	70	26
1154	21	66	26	71
1155	21	66	71	27
1156	21	67	22	68
1157	21	67	68	23
1158	21	67	23	69
1159	21	67	69	24
1160	21	67	24	70
1161	21	67	70	25
1162	21	67	25	71
1163	21	67	71	26
1164	21	67	26	72
1165	21	67	72	27
1166	22	66	67	23
1167	22	66	23	68
1168	22	66	68	24
1169	22	66	24	69
1170	22	66	69	25
1171	22	66	25	70
1172	22	66	70	26
1173	22	66	26	71
1174	22	66	71	27
1175	22	66	27	72
1176	22	67	23	68
1177	22	67	68	24
1178	22	67	24	69
1179	22	67	69	25
1180	22	67	25	70
1181	22	67	70	26
1182	22	67	26	71
1183	22	67	71	27
1184	22	67	27	72
1185	22	68	23	69
1186	22	68	69	24
1187	22	68	24	70
1188	22	68	70	25
1189	22	68	25	71
1190	22	68	71	26
1191	22	68	26	72
1192	22	68	72	27
1193	23	67	68	24
1194	23	67	24	69
1195	23	67	69	25
1196	23	67	25	70
1197	23	67	70	26
1198	23	67	26	71
1199	23	67	71	27
1200	23	67	27	72
1201	23	68	24	69
1202	23	68	69	25
1203	23	68	25	70
1204	23	68	70	26
1205	23	68	26	71
1206	23	68	71	27
1207	23	68	27	72
1208	23	69	24	70
1209	23	69	70	25
1210	23	69	25	71
1211	23	69	71	26
1212	23	69	26	72
1213	23	69	72	27
1214	24	68	69	25
1215	24	68	25	70
1216	24	68	70	26
1217	24	68	26	71
1218	24	68	71	27
1219	24	68	27	72
1220	24	69	25	70
1221	24	69	70	26
1222	24	69	26	71
1223	24	69	71	27
1224	24	69	27	72
1225	24	70	25	71
1226	24	70	71	26
1227	24	70	26	72
1228	24	70	72	27
1229	25	69	70	26
1230	25	69	26	71
1231	25	69	71	27
1232	25	69	27	72
1233	25	70	26	71
1234	25	70	71	27
1235	25	70	27	72
1236	25	71	26	72
1237	25	71	72	27
1238	26	70	71	27
1239	26	70	27	72
1240	26	71	27	72				
1241	55	28	56	29
1242	55	28	29	57
1243	55	28	57	30
1244	55	28	30	58
1245	55	28	58	31
1246	55	28	31	59
1247	55	28	59	32
1248	55	28	32	60
1249	55	28	60	33
1250	55	28	33	61
1251	55	29	56	30
1252	55	29	30	57
1253	55	29	57	31
1254	55	29	31	58
1255	55	29	58	32
1256	55	29	32	59
1257	55	29	59	33
1258	55	29	33	60
1259	55	29	60	34
1260	55	29	34	61
1261	56	28	29	57
1262	56	28	57	30
1263	56	28	30	58
1264	56	28	58	31
1265	56	28	31	59
1266	56	28	59	32
1267	56	28	32	60
1268	56	28	60	33
1269	56	28	33	61
1270	56	28	61	34
1271	56	29	57	30
1272	56	29	30	58
1273	56	29	58	31
1274	56	29	31	59
1275	56	29	59	32
1276	56	29	32	60
1277	56	29	60	33
1278	56	29	33	61
1279	56	29	61	34
1280	56	29	34	62
1281	56	30	57	31
1282	56	30	31	58
1283	56	30	58	32
1284	56	30	32	59
1285	56	30	59	33
1286	56	30	33	60
1287	56	30	60	34
1288	56	30	34	61
1289	56	30	61	35
1290	56	30	35	62
1291	57	29	30	58
1292	57	29	58	31
1293	57	29	31	59
1294	57	29	59	32
1295	57	29	32	60
1296	57	29	60	33
1297	57	29	33	61
1298	57	29	61	34
1299	57	29	34	62
1300	57	29	62	35
1301	57	30	58	31
1302	57	30	31	59
1303	57	30	59	32
1304	57	30	32	60
1305	57	30	60	33
1306	57	30	33	61
1307	57	30	61	34
1308	57	30	34	62
1309	57	30	62	35
1310	57	30	35	63
1311	57	31	58	32
1312	57	31	32	59
1313	57	31	59	33
1314	57	31	33	60
1315	57	31	60	34
1316	57	31	34	61
1317	57	31	61	35
1318	57	31	35	62
1319	57	31	62	36
1320	57	31	36	63
1321	58	30	31	59
1322	58	30	59	32
1323	58	30	32	60
1324	58	30	60	33
1325	58	30	33	61
1326	58	30	61	34
1327	58	30	34	62
1328	58	30	62	35
1329	58	30	35	63
1330	58	30	63	36
1331	58	31	59	32
1332	58	31	32	60
1333	58	31	60	33
1334	58	31	33	61
1335	58	31	61	34
1336	58	31	34	62
1337	58	31	62	35
1338	58	31	35	63
1339	58	31	63	36
1340	58	32	59	33
1341	58	32	33	60
1342	58	32	60	34
1343	58	32	34	61
1344	58	32	61	35
1345	58	32	35	62
1346	58	32	62	36
1347	58	32	36	63
1348	59	31	32	60
1349	59	31	60	33
1350	59	31	33	61
1351	59	31	61	34
1352	59	31	34	62
1353	59	31	62	35
1354	59	31	35	63
1355	59	31	63	36
1356	59	32	60	33
1357	59	32	33	61
1358	59	32	61	34
1359	59	32	34	62
1360	59	32	62	35
1361	59	32	35	63
1362	59	32	63	36
1363	59	33	60	34
1364	59	33	34	61
1365	59	33	61	35
1366	59	33	35	62
1367	59	33	62	36
1368	59	33	36	63
1369	60	32	33	61
1370	60	32	61	34
1371	60	32	34	62
1372	60	32	62	35
1373	60	32	35	63
1374	60	32	63	36
1375	60	33	61	34
1376	60	33	34	62
1377	60	33	62	35
1378	60	33	35	63
1379	60	33	63	36
1380	60	34	61	35
1381	60	34	35	62
1382	60	34	62	36
1383	60	34	36	63
1384	61	33	34	62
1385	61	33	62	35
1386	61	33	35	63
1387	61	33	63	36
1388	61	34	62	35
1389	61	34	35	63
1390	61	34	63	36
1391	61	35	62	36
1392	61	35	36	63
1393	62	34	35	63
1394	62	34	63	36
1395	62	35	63	36				
1396	37	46	38	47
1397	37	46	47	39
1398	37	46	39	48
1399	37	46	48	40
1400	37	46	40	49
1401	37	46	49	41
1402	37	46	41	50
1403	37	46	50	42
1404	37	46	42	51
1405	37	46	51	43
1406	37	47	38	48
1407	37	47	48	39
1408	37	47	39	49
1409	37	47	49	40
1410	37	47	40	50
1411	37	47	50	41
1412	37	47	41	51
1413	37	47	51	42
1414	37	47	42	52
1415	37	47	52	43
1416	38	46	47	39
1417	38	46	39	48
1418	38	46	48	40
1419	38	46	40	49
1420	38	46	49	41
1421	38	46	41	50
1422	38	46	50	42
1423	38	46	42	51
1424	38	46	51	43
1425	38	46	43	52
1426	38	47	39	48
1427	38	47	48	40
1428	38	47	40	49
1429	38	47	49	41
1430	38	47	41	50
1431	38	47	50	42
1432	38	47	42	51
1433	38	47	51	43
1434	38	47	43	52
1435	38	47	52	44
1436	38	48	39	49
1437	38	48	49	40
1438	38	48	40	50
1439	38	48	50	41
1440	38	48	41	51
1441	38	48	51	42
1442	38	48	42	52
1443	38	48	52	43
1444	38	48	43	53
1445	38	48	53	44
1446	39	47	48	40
1447	39	47	40	49
1448	39	47	49	41
1449	39	47	41	50
1450	39	47	50	42
1451	39	47	42	51
1452	39	47	51	43
1453	39	47	43	52
1454	39	47	52	44
1455	39	47	44	53
1456	39	48	40	49
1457	39	48	49	41
1458	39	48	41	50
1459	39	48	50	42
1460	39	48	42	51
1461	39	48	51	43
1462	39	48	43	52
1463	39	48	52	44
1464	39	48	44	53
1465	39	48	53	45
1466	39	49	40	50
1467	39	49	50	41
1468	39	49	41	51
1469	39	49	51	42
1470	39	49	42	52
1471	39	49	52	43
1472	39	49	43	53
1473	39	49	53	44
1474	39	49	44	54
1475	39	49	54	45
1476	40	48	49	41
1477	40	48	41	50
1478	40	48	50	42
1479	40	48	42	51
1480	40	48	51	43
1481	40	48	43	52
1482	40	48	52	44
1483	40	48	44	53
1484	40	48	53	45
1485	40	48	45	54
1486	40	49	41	50
1487	40	49	50	42
1488	40	49	42	51
1489	40	49	51	43
1490	40	49	43	52
1491	40	49	52	44
1492	40	49	44	53
1493	40	49	53	45
1494	40	49	45	54
1495	40	50	41	51
1496	40	50	51	42
1497	40	50	42	52
1498	40	50	52	43
1499	40	50	43	53
1500	40	50	53	44
1501	40	50	44	54
1502	40	50	54	45
1503	41	49	50	42
1504	41	49	42	51
1505	41	49	51	43
1506	41	49	43	52
1507	41	49	52	44
1508	41	49	44	53
1509	41	49	53	45
1510	41	49	45	54
1511	41	50	42	51
1512	41	50	51	43
1513	41	50	43	52
1514	41	50	52	44
1515	41	50	44	53
1516	41	50	53	45
1517	41	50	45	54
1518	41	51	42	52
1519	41	51	52	43
1520	41	51	43	53
1521	41	51	53	44
1522	41	51	44	54
1523	41	51	54	45
1524	42	50	51	43
1525	42	50	43	52
1526	42	50	52	44
1527	42	50	44	53
1528	42	50	53	45
1529	42	50	45	54
1530	42	51	43	52
1531	42	51	52	44
1532	42	51	44	53
1533	42	51	53	45
1534	42	51	45	54
1535	42	52	43	53
1536	42	52	53	44
1537	42	52	44	54
1538	42	52	54	45
1539	43	51	52	44
1540	43	51	44	53
1541	43	51	53	45
1542	43	51	45	54
1543	43	52	44	53
1544	43	52	53	45
1545	43	52	45	54
1546	43	53	44	54
1547	43	53	54	45
1548	44	52	53	45
1549	44	52	45	54
1550	44	53	45	54				
1551	46	55	47	56
1552	46	55	56	48
1553	46	55	48	57
1554	46	55	57	49
1555	46	55	49	58
1556	46	55	58	50
1557	46	55	50	59
1558	46	55	59	51
1559	46	55	51	60
1560	46	55	60	52
1561	46	56	47	57
1562	46	56	57	48
1563	46	56	48	58
1564	46	56	58	49
1565	46	56	49	59
1566	46	56	59	50
1567	46	56	50	60
1568	46	56	60	51
1569	46	56	51	61
1570	46	56	61	52
1571	47	55	56	48
1572	47	55	48	57
1573	47	55	57	49
1574	47	55	49	58
1575	47	55	58	50
1576	47	55	50	59
1577	47	55	59	51
1578	47	55	51	60
1579	47	55	60	52
1580	47	55	52	61
1581	47	56	48	57
1582	47	56	57	49
1583	47	56	49	58
1584	47	56	58	50
1585	47	56	50	59
1586	47	56	59	51
1587	47	56	51	60
1588	47	56	60	52
1589	47	56	52	61
1590	47	56	61	53
1591	47	57	48	58
1592	47	57	58	49
1593	47	57	49	59
1594	47	57	59	50
1595	47	57	50	60
1596	47	57	60	51
1597	47	57	51	61
1598	47	57	61	52
1599	47	57	52	62
1600	47	57	62	53
1601	48	56	57	49
1602	48	56	49	58
1603	48	56	58	50
1604	48	56	50	59
1605	48	56	59	51
1606	48	56	51	60
1607	48	56	60	52
1608	48	56	52	61
1609	48	56	61	53
1610	48	56	53	62
1611	48	57	49	58
1612	48	57	58	50
1613	48	57	50	59
1614	48	57	59	51
1615	48	57	51	60
1616	48	57	60	52
1617	48	57	52	61
1618	48	57	61	53
1619	48	57	53	62
1620	48	57	62	54
1621	48	58	49	59
1622	48	58	59	50
1623	48	58	50	60
1624	48	58	60	51
1625	48	58	51	61
1626	48	58	61	52
1627	48	58	52	62
1628	48	58	62	53
1629	48	58	53	63
1630	48	58	63	54
1631	49	57	58	50
1632	49	57	50	59
1633	49	57	59	51
1634	49	57	51	60
1635	49	57	60	52
1636	49	57	52	61
1637	49	57	61	53
1638	49	57	53	62
1639	49	57	62	54
1640	49	57	54	63
1641	49	58	50	59
1642	49	58	59	51
1643	49	58	51	60
1644	49	58	60	52
1645	49	58	52	61
1646	49	58	61	53
1647	49	58	53	62
1648	49	58	62	54
1649	49	58	54	63
1650	49	59	50	60
1651	49	59	60	51
1652	49	59	51	61
1653	49	59	61	52
1654	49	59	52	62
1655	49	59	62	53
1656	49	59	53	63
1657	49	59	63	54
1658	50	58	59	51
1659	50	58	51	60
1660	50	58	60	52
1661	50	58	52	61
1662	50	58	61	53
1663	50	58	53	62
1664	50	58	62	54
1665	50	58	54	63
1666	50	59	51	60
1667	50	59	60	52
1668	50	59	52	61
1669	50	59	61	53
1670	50	59	53	62
1671	50	59	62	54
1672	50	59	54	63
1673	50	60	51	61
1674	50	60	61	52
1675	50	60	52	62
1676	50	60	62	53
1677	50	60	53	63
1678	50	60	63	54
1679	51	59	60	52
1680	51	59	52	61
1681	51	59	61	53
1682	51	59	53	62
1683	51	59	62	54
1684	51	59	54	63
1685	51	60	52	61
1686	51	60	61	53
1687	51	60	53	62
1688	51	60	62	54
1689	51	60	54	63
1690	51	61	52	62
1691	51	61	62	53
1692	51	61	53	63
1693	51	61	63	54
1694	52	60	61	53
1695	52	60	53	62
1696	52	60	62	54
1697	52	60	54	63
1698	52	61	53	62
1699	52	61	62	54
1700	52	61	54	63
1701	52	62	53	63
1702	52	62	63	54
1703	53	61	62	54
1704	53	61	54	63
1705	53	62	54	63				
1706	55	64	56	65
1707	55	64	65	57
1708	55	64	57	66
1709	55	64	66	58
1710	55	64	58	67
1711	55	64	67	59
1712	55	64	59	68
1713	55	64	68	60
1714	55	64	60	69
1715	55	64	69	61
1716	55	65	56	66
1717	55	65	66	57
1718	55	65	57	67
1719	55	65	67	58
1720	55	65	58	68
1721	55	65	68	59
1722	55	65	59	69
1723	55	65	69	60
1724	55	65	60	70
1725	55	65	70	61
1726	56	64	65	57
1727	56	64	57	66
1728	56	64	66	58
1729	56	64	58	67
1730	56	64	67	59
1731	56	64	59	68
1732	56	64	68	60
1733	56	64	60	69
1734	56	64	69	61
1735	56	64	61	70
1736	56	65	57	66
1737	56	65	66	58
1738	56	65	58	67
1739	56	65	67	59
1740	56	65	59	68
1741	56	65	68	60
1742	56	65	60	69
1743	56	65	69	61
1744	56	65	61	70
1745	56	65	70	62
1746	56	66	57	67
1747	56	66	67	58
1748	56	66	58	68
1749	56	66	68	59
1750	56	66	59	69
1751	56	66	69	60
1752	56	66	60	70
1753	56	66	70	61
1754	56	66	61	71
1755	56	66	71	62
1756	57	65	66	58
1757	57	65	58	67
1758	57	65	67	59
1759	57	65	59	68
1760	57	65	68	60
1761	57	65	60	69
1762	57	65	69	61
1763	57	65	61	70
1764	57	65	70	62
1765	57	65	62	71
1766	57	66	58	67
1767	57	66	67	59
1768	57	66	59	68
1769	57	66	68	60
1770	57	66	60	69
1771	57	66	69	61
1772	57	66	61	70
1773	57	66	70	62
1774	57	66	62	71
1775	57	66	71	63
1776	57	67	58	68
1777	57	67	68	59
1778	57	67	59	69
1779	57	67	69	60
1780	57	67	60	70
1781	57	67	70	61
1782	57	67	61	71
1783	57	67	71	62
1784	57	67	62	72
1785	57	67	72	63
1786	58	66	67	59
1787	58	66	59	68
1788	58	66	68	60
1789	58	66	60	69
1790	58	66	69	61
1791	58	66	61	70
1792	58	66	70	62
1793	58	66	62	71
1794	58	66	71	63
1795	58	66	63	72
1796	58	67	59	68
1797	58	67	68	60
1798	58	67	60	69
1799	58	67	69	61
1800	58	67	61	70
1801	58	67	70	62
1802	58	67	62	71
1803	58	67	71	63
1804	58	67	63	72
1805	58	68	59	69
1806	58	68	69	60
1807	58	68	60	70
1808	58	68	70	61
1809	58	68	61	71
1810	58	68	71	62
1811	58	68	62	72
1812	58	68	72	63
1813	59	67	68	60
1814	59	67	60	69
1815	59	67	69	61
1816	59	67	61	70
1817	59	67	70	62
1818	59	67	62	71
1819	59	67	71	63
1820	59	67	63	72
1821	59	68	60	69
1822	59	68	69	61
1823	59	68	61	70
1824	59	68	70	62
1825	59	68	62	71
1826	59	68	71	63
1827	59	68	63	72
1828	59	69	60	70
1829	59	69	70	61
1830	59	69	61	71
1831	59	69	71	62
1832	59	69	62	72
1833	59	69	72	63
1834	60	68	69	61
1835	60	68	61	70
1836	60	68	70	62
1837	60	68	62	71
1838	60	68	71	63
1839	60	68	63	72
1840	60	69	61	70
1841	60	69	70	62
1842	60	69	62	71
1843	60	69	71	63
1844	60	69	63	72
1845	60	70	61	71
1846	60	70	71	62
1847	60	70	62	72
1848	60	70	72	63
1849	61	69	70	62
1850	61	69	62	71
1851	61	69	71	63
1852	61	69	63	72
1853	61	70	62	71
1854	61	70	71	63
1855	61	70	63	72
1856	61	71	62	72
1857	61	71	72	63
1858	62	70	71	63
1859	62	70	63	72
1860	62	71	63	72				
1861	37	82	38	83
1862	37	82	83	39
1863	37	82	39	84
1864	37	82	84	40
1865	37	82	40	85
1866	37	82	85	41
1867	37	82	41	86
1868	37	82	86	42
1869	37	82	42	87
1870	37	82	87	43
1871	37	83	38	84
1872	37	83	84	39
1873	37	83	39	85
1874	37	83	85	40
1875	37	83	40	86
1876	37	83	86	41
1877	37	83	41	87
1878	37	83	87	42
1879	37	83	42	88
1880	37	83	88	43
1881	38	82	83	39
1882	38	82	39	84
1883	38	82	84	40
1884	38	82	40	85
1885	38	82	85	41
1886	38	82	41	86
1887	38	82	86	42
1888	38	82	42	87
1889	38	82	87	43
1890	38	82	43	88
1891	38	83	39	84
1892	38	83	84	40
1893	38	83	40	85
1894	38	83	85	41
1895	38	83	41	86
1896	38	83	86	42
1897	38	83	42	87
1898	38	83	87	43
1899	38	83	43	88
1900	38	83	88	44
1901	38	84	39	85
1902	38	84	85	40
1903	38	84	40	86
1904	38	84	86	41
1905	38	84	41	87
1906	38	84	87	42
1907	38	84	42	88
1908	38	84	88	43
1909	38	84	43	89
1910	38	84	89	44
1911	39	83	84	40
1912	39	83	40	85
1913	39	83	85	41
1914	39	83	41	86
1915	39	83	86	42
1916	39	83	42	87
1917	39	83	87	43
1918	39	83	43	88
1919	39	83	88	44
1920	39	83	44	89
1921	39	84	40	85
1922	39	84	85	41
1923	39	84	41	86
1924	39	84	86	42
1925	39	84	42	87
1926	39	84	87	43
1927	39	84	43	88
1928	39	84	88	44
1929	39	84	44	89
1930	39	84	89	45
1931	39	85	40	86
1932	39	85	86	41
1933	39	85	41	87
1934	39	85	87	42
1935	39	85	42	88
1936	39	85	88	43
1937	39	85	43	89
1938	39	85	89	44
1939	39	85	44	90
1940	39	85	90	45
1941	40	84	85	41
1942	40	84	41	86
1943	40	84	86	42
1944	40	84	42	87
1945	40	84	87	43
1946	40	84	43	88
1947	40	84	88	44
1948	40	84	44	89
1949	40	84	89	45
1950	40	84	45	90
1951	40	85	41	86
1952	40	85	86	42
1953	40	85	42	87
1954	40	85	87	43
1955	40	85	43	88
1956	40	85	88	44
1957	40	85	44	89
1958	40	85	89	45
1959	40	85	45	90
1960	40	86	41	87
1961	40	86	87	42
1962	40	86	42	88
1963	40	86	88	43
1964	40	86	43	89
1965	40	86	89	44
1966	40	86	44	90
1967	40	86	90	45
1968	41	85	86	42
1969	41	85	42	87
1970	41	85	87	43
1971	41	85	43	88
1972	41	85	88	44
1973	41	85	44	89
1974	41	85	89	45
1975	41	85	45	90
1976	41	86	42	87
1977	41	86	87	43
1978	41	86	43	88
1979	41	86	88	44
1980	41	86	44	89
1981	41	86	89	45
1982	41	86	45	90
1983	41	87	42	88
1984	41	87	88	43
1985	41	87	43	89
1986	41	87	89	44
1987	41	87	44	90
1988	41	87	90	45
1989	42	86	87	43
1990	42	86	43	88
1991	42	86	88	44
1992	42	86	44	89
1993	42	86	89	45
1994	42	86	45	90
1995	42	87	43	88
1996	42	87	88	44
1997	42	87	44	89
1998	42	87	89	45
1999	42	87	45	90
2000	42	88	43	89
2001	42	88	89	44
2002	42	88	44	90
2003	42	88	90	45
2004	43	87	88	44
2005	43	87	44	89
2006	43	87	89	45
2007	43	87	45	90
2008	43	88	44	89
2009	43	88	89	45
2010	43	88	45	90
2011	43	89	44	90
2012	43	89	90	45
2013	44	88	89	45
2014	44	88	45	90
2015	44	89	45	90				
2016	73	46	74	47
2017	73	46	47	75
2018	73	46	75	48
2019	73	46	48	76
2020	73	46	76	49
2021	73	46	49	77
2022	73	46	77	50
2023	73	46	50	78
2024	73	46	78	51
2025	73	46	51	79
2026	73	47	74	48
2027	73	47	48	75
2028	73	47	75	49
2029	73	47	49	76
2030	73	47	76	50
2031	73	47	50	77
2032	73	47	77	51
2033	73	47	51	78
2034	73	47	78	52
2035	73	47	52	79
2036	74	46	47	75
2037	74	46	75	48
2038	74	46	48	76
2039	74	46	76	49
2040	74	46	49	77
2041	74	46	77	50
2042	74	46	50	78
2043	74	46	78	51
2044	74	46	51	79
2045	74	46	79	52
2046	74	47	75	48
2047	74	47	48	76
2048	74	47	76	49
2049	74	47	49	77
2050	74	47	77	50
2051	74	47	50	78
2052	74	47	78	51
2053	74	47	51	79
2054	74	47	79	52
2055	74	47	52	80
2056	74	48	75	49
2057	74	48	49	76
2058	74	48	76	50
2059	74	48	50	77
2060	74	48	77	51
2061	74	48	51	78
2062	74	48	78	52
2063	74	48	52	79
2064	74	48	79	53
2065	74	48	53	80
2066	75	47	48	76
2067	75	47	76	49
2068	75	47	49	77
2069	75	47	77	50
2070	75	47	50	78
2071	75	47	78	51
2072	75	47	51	79
2073	75	47	79	52
2074	75	47	52	80
2075	75	47	80	53
2076	75	48	76	49
2077	75	48	49	77
2078	75	48	77	50
2079	75	48	50	78
2080	75	48	78	51
2081	75	48	51	79
2082	75	48	79	52
2083	75	48	52	80
2084	75	48	80	53
2085	75	48	53	81
2086	75	49	76	50
2087	75	49	50	77
2088	75	49	77	51
2089	75	49	51	78
2090	75	49	78	52
2091	75	49	52	79
2092	75	49	79	53
2093	75	49	53	80
2094	75	49	80	54
2095	75	49	54	81
2096	76	48	49	77
2097	76	48	77	50
2098	76	48	50	78
2099	76	48	78	51
2100	76	48	51	79
2101	76	48	79	52
2102	76	48	52	80
2103	76	48	80	53
2104	76	48	53	81
2105	76	48	81	54
2106	76	49	77	50
2107	76	49	50	78
2108	76	49	78	51
2109	76	49	51	79
2110	76	49	79	52
2111	76	49	52	80
2112	76	49	80	53
2113	76	49	53	81
2114	76	49	81	54
2115	76	50	77	51
2116	76	50	51	78
2117	76	50	78	52
2118	76	50	52	79
2119	76	50	79	53
2120	76	50	53	80
2121	76	50	80	54
2122	76	50	54	81
2123	77	49	50	78
2124	77	49	78	51
2125	77	49	51	79
2126	77	49	79	52
2127	77	49	52	80
2128	77	49	80	53
2129	77	49	53	81
2130	77	49	81	54
2131	77	50	78	51
2132	77	50	51	79
2133	77	50	79	52
2134	77	50	52	80
2135	77	50	80	53
2136	77	50	53	81
2137	77	50	81	54
2138	77	51	78	52
2139	77	51	52	79
2140	77	51	79	53
2141	77	51	53	80
2142	77	51	80	54
2143	77	51	54	81
2144	78	50	51	79
2145	78	50	79	52
2146	78	50	52	80
2147	78	50	80	53
2148	78	50	53	81
2149	78	50	81	54
2150	78	51	79	52
2151	78	51	52	80
2152	78	51	80	53
2153	78	51	53	81
2154	78	51	81	54
2155	78	52	79	53
2156	78	52	53	80
2157	78	52	80	54
2158	78	52	54	81
2159	79	51	52	80
2160	79	51	80	53
2161	79	51	53	81
2162	79	51	81	54
2163	79	52	80	53
2164	79	52	53	81
2165	79	52	81	54
2166	79	53	80	54
2167	79	53	54	81
2168	80	52	53	81
2169	80	52	81	54
2170	80	53	81	54				
2171	46	91	47	92
2172	46	91	92	48
2173	46	91	48	93
2174	46	91	93	49
2175	46	91	49	94
2176	46	91	94	50
2177	46	91	50	95
2178	46	91	95	51
2179	46	91	51	96
2180	46	91	96	52
2181	46	92	47	93
2182	46	92	93	48
2183	46	92	48	94
2184	46	92	94	49
2185	46	92	49	95
2186	46	92	95	50
2187	46	92	50	96
2188	46	92	96	51
2189	46	92	51	97
2190	46	92	97	52
2191	47	91	92	48
2192	47	91	48	93
2193	47	91	93	49
2194	47	91	49	94
2195	47	91	94	50
2196	47	91	50	95
2197	47	91	95	51
2198	47	91	51	96
2199	47	91	96	52
2200	47	91	52	97
2201	47	92	48	93
2202	47	92	93	49
2203	47	92	49	94
2204	47	92	94	50
2205	47	92	50	95
2206	47	92	95	51
2207	47	92	51	96
2208	47	92	96	52
2209	47	92	52	97
2210	47	92	97	53
2211	47	93	48	94
2212	47	93	94	49
2213	47	93	49	95
2214	47	93	95	50
2215	47	93	50	96
2216	47	93	96	51
2217	47	93	51	97
2218	47	93	97	52
2219	47	93	52	98
2220	47	93	98	53
2221	48	92	93	49
2222	48	92	49	94
2223	48	92	94	50
2224	48	92	50	95
2225	48	92	95	51
2226	48	92	51	96
2227	48	92	96	52
2228	48	92	52	97
2229	48	92	97	53
2230	48	92	53	98
2231	48	93	49	94
2232	48	93	94	50
2233	48	93	50	95
2234	48	93	95	51
2235	48	93	51	96
2236	48	93	96	52
2237	48	93	52	97
2238	48	93	97	53
2239	48	93	53	98
2240	48	93	98	54
2241	48	94	49	95
2242	48	94	95	50
2243	48	94	50	96
2244	48	94	96	51
2245	48	94	51	97
2246	48	94	97	52
2247	48	94	52	98
2248	48	94	98	53
2249	48	94	53	99
2250	48	94	99	54
2251	49	93	94	50
2252	49	93	50	95
2253	49	93	95	51
2254	49	93	51	96
2255	49	93	96	52
2256	49	93	52	97
2257	49	93	97	53
2258	49	93	53	98
2259	49	93	98	54
2260	49	93	54	99
2261	49	94	50	95
2262	49	94	95	51
2263	49	94	51	96
2264	49	94	96	52
2265	49	94	52	97
2266	49	94	97	53
2267	49	94	53	98
2268	49	94	98	54
2269	49	94	54	99
2270	49	95	50	96
2271	49	95	96	51
2272	49	95	51	97
2273	49	95	97	52
2274	49	95	52	98
2275	49	95	98	53
2276	49	95	53	99
2277	49	95	99	54
2278	50	94	95	51
2279	50	94	51	96
2280	50	94	96	52
2281	50	94	52	97
2282	50	94	97	53
2283	50	94	53	98
2284	50	94	98	54
2285	50	94	54	99
2286	50	95	51	96
2287	50	95	96	52
2288	50	95	52	97
2289	50	95	97	53
2290	50	95	53	98
2291	50	95	98	54
2292	50	95	54	99
2293	50	96	51	97
2294	50	96	97	52
2295	50	96	52	98
2296	50	96	98	53
2297	50	96	53	99
2298	50	96	99	54
2299	51	95	96	52
2300	51	95	52	97
2301	51	95	97	53
2302	51	95	53	98
2303	51	95	98	54
2304	51	95	54	99
2305	51	96	52	97
2306	51	96	97	53
2307	51	96	53	98
2308	51	96	98	54
2309	51	96	54	99
2310	51	97	52	98
2311	51	97	98	53
2312	51	97	53	99
2313	51	97	99	54
2314	52	96	97	53
2315	52	96	53	98
2316	52	96	98	54
2317	52	96	54	99
2318	52	97	53	98
2319	52	97	98	54
2320	52	97	54	99
2321	52	98	53	99
2322	52	98	99	54
2323	53	97	98	54
2324	53	97	54	99
2325	53	98	54	99				
2326	82	55	83	56
2327	82	55	56	84
2328	82	55	84	57
2329	82	55	57	85
2330	82	55	85	58
2331	82	55	58	86
2332	82	55	86	59
2333	82	55	59	87
2334	82	55	87	60
2335	82	55	60	88
2336	82	56	83	57
2337	82	56	57	84
2338	82	56	84	58
2339	82	56	58	85
2340	82	56	85	59
2341	82	56	59	86
2342	82	56	86	60
2343	82	56	60	87
2344	82	56	87	61
2345	82	56	61	88
2346	83	55	56	84
2347	83	55	84	57
2348	83	55	57	85
2349	83	55	85	58
2350	83	55	58	86
2351	83	55	86	59
2352	83	55	59	87
2353	83	55	87	60
2354	83	55	60	88
2355	83	55	88	61
2356	83	56	84	57
2357	83	56	57	85
2358	83	56	85	58
2359	83	56	58	86
2360	83	56	86	59
2361	83	56	59	87
2362	83	56	87	60
2363	83	56	60	88
2364	83	56	88	61
2365	83	56	61	89
2366	83	57	84	58
2367	83	57	58	85
2368	83	57	85	59
2369	83	57	59	86
2370	83	57	86	60
2371	83	57	60	87
2372	83	57	87	61
2373	83	57	61	88
2374	83	57	88	62
2375	83	57	62	89
2376	84	56	57	85
2377	84	56	85	58
2378	84	56	58	86
2379	84	56	86	59
2380	84	56	59	87
2381	84	56	87	60
2382	84	56	60	88
2383	84	56	88	61
2384	84	56	61	89
2385	84	56	89	62
2386	84	57	85	58
2387	84	57	58	86
2388	84	57	86	59
2389	84	57	59	87
2390	84	57	87	60
2391	84	57	60	88
2392	84	57	88	61
2393	84	57	61	89
2394	84	57	89	62
2395	84	57	62	90
2396	84	58	85	59
2397	84	58	59	86
2398	84	58	86	60
2399	84	58	60	87
2400	84	58	87	61
2401	84	58	61	88
2402	84	58	88	62
2403	84	58	62	89
2404	84	58	89	63
2405	84	58	63	90
2406	85	57	58	86
2407	85	57	86	59
2408	85	57	59	87
2409	85	57	87	60
2410	85	57	60	88
2411	85	57	88	61
2412	85	57	61	89
2413	85	57	89	62
2414	85	57	62	90
2415	85	57	90	63
2416	85	58	86	59
2417	85	58	59	87
2418	85	58	87	60
2419	85	58	60	88
2420	85	58	88	61
2421	85	58	61	89
2422	85	58	89	62
2423	85	58	62	90
2424	85	58	90	63
2425	85	59	86	60
2426	85	59	60	87
2427	85	59	87	61
2428	85	59	61	88
2429	85	59	88	62
2430	85	59	62	89
2431	85	59	89	63
2432	85	59	63	90
2433	86	58	59	87
2434	86	58	87	60
2435	86	58	60	88
2436	86	58	88	61
2437	86	58	61	89
2438	86	58	89	62
2439	86	58	62	90
2440	86	58	90	63
2441	86	59	87	60
2442	86	59	60	88
2443	86	59	88	61
2444	86	59	61	89
2445	86	59	89	62
2446	86	59	62	90
2447	86	59	90	63
2448	86	60	87	61
2449	86	60	61	88
2450	86	60	88	62
2451	86	60	62	89
2452	86	60	89	63
2453	86	60	63	90
2454	87	59	60	88
2455	87	59	88	61
2456	87	59	61	89
2457	87	59	89	62
2458	87	59	62	90
2459	87	59	90	63
2460	87	60	88	61
2461	87	60	61	89
2462	87	60	89	62
2463	87	60	62	90
2464	87	60	90	63
2465	87	61	88	62
2466	87	61	62	89
2467	87	61	89	63
2468	87	61	63	90
2469	88	60	61	89
2470	88	60	89	62
2471	88	60	62	90
2472	88	60	90	63
2473	88	61	89	62
2474	88	61	62	90
2475	88	61	90	63
2476	88	62	89	63
2477	88	62	63	90
2478	89	61	62	90
2479	89	61	90	63
2480	89	62	90	63				
2481	55	100	56	101
2482	55	100	101	57
2483	55	100	57	102
2484	55	100	102	58
2485	55	100	58	103
2486	55	100	103	59
2487	55	100	59	104
2488	55	100	104	60
2489	55	100	60	105
2490	55	100	105	61
2491	55	101	56	102
2492	55	101	102	57
2493	55	101	57	103
2494	55	101	103	58
2495	55	101	58	104
2496	55	101	104	59
2497	55	101	59	105
2498	55	101	105	60
2499	55	101	60	106
2500	55	101	106	61
2501	56	100	101	57
2502	56	100	57	102
2503	56	100	102	58
2504	56	100	58	103
2505	56	100	103	59
2506	56	100	59	104
2507	56	100	104	60
2508	56	100	60	105
2509	56	100	105	61
2510	56	100	61	106
2511	56	101	57	102
2512	56	101	102	58
2513	56	101	58	103
2514	56	101	103	59
2515	56	101	59	104
2516	56	101	104	60
2517	56	101	60	105
2518	56	101	105	61
2519	56	101	61	106
2520	56	101	106	62
2521	56	102	57	103
2522	56	102	103	58
2523	56	102	58	104
2524	56	102	104	59
2525	56	102	59	105
2526	56	102	105	60
2527	56	102	60	106
2528	56	102	106	61
2529	56	102	61	107
2530	56	102	107	62
2531	57	101	102	58
2532	57	101	58	103
2533	57	101	103	59
2534	57	101	59	104
2535	57	101	104	60
2536	57	101	60	105
2537	57	101	105	61
2538	57	101	61	106
2539	57	101	106	62
2540	57	101	62	107
2541	57	102	58	103
2542	57	102	103	59
2543	57	102	59	104
2544	57	102	104	60
2545	57	102	60	105
2546	57	102	105	61
2547	57	102	61	106
2548	57	102	106	62
2549	57	102	62	107
2550	57	102	107	63
2551	57	103	58	104
2552	57	103	104	59
2553	57	103	59	105
2554	57	103	105	60
2555	57	103	60	106
2556	57	103	106	61
2557	57	103	61	107
2558	57	103	107	62
2559	57	103	62	108
2560	57	103	108	63
2561	58	102	103	59
2562	58	102	59	104
2563	58	102	104	60
2564	58	102	60	105
2565	58	102	105	61
2566	58	102	61	106
2567	58	102	106	62
2568	58	102	62	107
2569	58	102	107	63
2570	58	102	63	108
2571	58	103	59	104
2572	58	103	104	60
2573	58	103	60	105
2574	58	103	105	61
2575	58	103	61	106
2576	58	103	106	62
2577	58	103	62	107
2578	58	103	107	63
2579	58	103	63	108
2580	58	104	59	105
2581	58	104	105	60
2582	58	104	60	106
2583	58	104	106	61
2584	58	104	61	107
2585	58	104	107	62
2586	58	104	62	108
2587	58	104	108	63
2588	59	103	104	60
2589	59	103	60	105
2590	59	103	105	61
2591	59	103	61	106
2592	59	103	106	62
2593	59	103	62	107
2594	59	103	107	63
2595	59	103	63	108
2596	59	104	60	105
2597	59	104	105	61
2598	59	104	61	106
2599	59	104	106	62
2600	59	104	62	107
2601	59	104	107	63
2602	59	104	63	108
2603	59	105	60	106
2604	59	105	106	61
2605	59	105	61	107
2606	59	105	107	62
2607	59	105	62	108
2608	59	105	108	63
2609	60	104	105	61
2610	60	104	61	106
2611	60	104	106	62
2612	60	104	62	107
2613	60	104	107	63
2614	60	104	63	108
2615	60	105	61	106
2616	60	105	106	62
2617	60	105	62	107
2618	60	105	107	63
2619	60	105	63	108
2620	60	106	61	107
2621	60	106	107	62
2622	60	106	62	108
2623	60	106	108	63
2624	61	105	106	62
2625	61	105	62	107
2626	61	105	107	63
2627	61	105	63	108
2628	61	106	62	107
2629	61	106	107	63
2630	61	106	63	108
2631	61	107	62	108
2632	61	107	108	63
2633	62	106	107	63
2634	62	106	63	108
2635	62	107	63	108				
2636	91	64	92	65
2637	91	64	65	93
2638	91	64	93	66
2639	91	64	66	94
2640	91	64	94	67
2641	91	64	67	95
2642	91	64	95	68
2643	91	64	68	96
2644	91	64	96	69
2645	91	64	69	97
2646	91	65	92	66
2647	91	65	66	93
2648	91	65	93	67
2649	91	65	67	94
2650	91	65	94	68
2651	91	65	68	95
2652	91	65	95	69
2653	91	65	69	96
2654	91	65	96	70
2655	91	65	70	97
2656	92	64	65	93
2657	92	64	93	66
2658	92	64	66	94
2659	92	64	94	67
2660	92	64	67	95
2661	92	64	95	68
2662	92	64	68	96
2663	92	64	96	69
2664	92	64	69	97
2665	92	64	97	70
2666	92	65	93	66
2667	92	65	66	94
2668	92	65	94	67
2669	92	65	67	95
2670	92	65	95	68
2671	92	65	68	96
2672	92	65	96	69
2673	92	65	69	97
2674	92	65	97	70
2675	92	65	70	98
2676	92	66	93	67
2677	92	66	67	94
2678	92	66	94	68
2679	92	66	68	95
2680	92	66	95	69
2681	92	66	69	96
2682	92	66	96	70
2683	92	66	70	97
2684	92	66	97	71
2685	92	66	71	98
2686	93	65	66	94
2687	93	65	94	67
2688	93	65	67	95
2689	93	65	95	68
2690	93	65	68	96
2691	93	65	96	69
2692	93	65	69	97
2693	93	65	97	70
2694	93	65	70	98
2695	93	65	98	71
2696	93	66	94	67
2697	93	66	67	95
2698	93	66	95	68
2699	93	66	68	96
2700	93	66	96	69
2701	93	66	69	97
2702	93	66	97	70
2703	93	66	70	98
2704	93	66	98	71
2705	93	66	71	99
2706	93	67	94	68
2707	93	67	68	95
2708	93	67	95	69
2709	93	67	69	96
2710	93	67	96	70
2711	93	67	70	97
2712	93	67	97	71
2713	93	67	71	98
2714	93	67	98	72
2715	93	67	72	99
2716	94	66	67	95
2717	94	66	95	68
2718	94	66	68	96
2719	94	66	96	69
2720	94	66	69	97
2721	94	66	97	70
2722	94	66	70	98
2723	94	66	98	71
2724	94	66	71	99
2725	94	66	99	72
2726	94	67	95	68
2727	94	67	68	96
2728	94	67	96	69
2729	94	67	69	97
2730	94	67	97	70
2731	94	67	70	98
2732	94	67	98	71
2733	94	67	71	99
2734	94	67	99	72
2735	94	68	95	69
2736	94	68	69	96
2737	94	68	96	70
2738	94	68	70	97
2739	94	68	97	71
2740	94	68	71	98
2741	94	68	98	72
2742	94	68	72	99
2743	95	67	68	96
2744	95	67	96	69
2745	95	67	69	97
2746	95	67	97	70
2747	95	67	70	98
2748	95	67	98	71
2749	95	67	71	99
2750	95	67	99	72
2751	95	68	96	69
2752	95	68	69	97
2753	95	68	97	70
2754	95	68	70	98
2755	95	68	98	71
2756	95	68	71	99
2757	95	68	99	72
2758	95	69	96	70
2759	95	69	70	97
2760	95	69	97	71
2761	95	69	71	98
2762	95	69	98	72
2763	95	69	72	99
2764	96	68	69	97
2765	96	68	97	70
2766	96	68	70	98
2767	96	68	98	71
2768	96	68	71	99
2769	96	68	99	72
2770	96	69	97	70
2771	96	69	70	98
2772	96	69	98	71
2773	96	69	71	99
2774	96	69	99	72
2775	96	70	97	71
2776	96	70	71	98
2777	96	70	98	72
2778	96	70	72	99
2779	97	69	70	98
2780	97	69	98	71
2781	97	69	71	99
2782	97	69	99	72
2783	97	70	98	71
2784	97	70	71	99
2785	97	70	99	72
2786	97	71	98	72
2787	97	71	72	99
2788	98	70	71	99
2789	98	70	99	72
2790	98	71	99	72				
2791	73	82	74	83
2792	73	82	83	75
2793	73	82	75	84
2794	73	82	84	76
2795	73	82	76	85
2796	73	82	85	77
2797	73	82	77	86
2798	73	82	86	78
2799	73	82	78	87
2800	73	82	87	79
2801	73	83	74	84
2802	73	83	84	75
2803	73	83	75	85
2804	73	83	85	76
2805	73	83	76	86
2806	73	83	86	77
2807	73	83	77	87
2808	73	83	87	78
2809	73	83	78	88
2810	73	83	88	79
2811	74	82	83	75
2812	74	82	75	84
2813	74	82	84	76
2814	74	82	76	85
2815	74	82	85	77
2816	74	82	77	86
2817	74	82	86	78
2818	74	82	78	87
2819	74	82	87	79
2820	74	82	79	88
2821	74	83	75	84
2822	74	83	84	76
2823	74	83	76	85
2824	74	83	85	77
2825	74	83	77	86
2826	74	83	86	78
2827	74	83	78	87
2828	74	83	87	79
2829	74	83	79	88
2830	74	83	88	80
2831	74	84	75	85
2832	74	84	85	76
2833	74	84	76	86
2834	74	84	86	77
2835	74	84	77	87
2836	74	84	87	78
2837	74	84	78	88
2838	74	84	88	79
2839	74	84	79	89
2840	74	84	89	80
2841	75	83	84	76
2842	75	83	76	85
2843	75	83	85	77
2844	75	83	77	86
2845	75	83	86	78
2846	75	83	78	87
2847	75	83	87	79
2848	75	83	79	88
2849	75	83	88	80
2850	75	83	80	89
2851	75	84	76	85
2852	75	84	85	77
2853	75	84	77	86
2854	75	84	86	78
2855	75	84	78	87
2856	75	84	87	79
2857	75	84	79	88
2858	75	84	88	80
2859	75	84	80	89
2860	75	84	89	81
2861	75	85	76	86
2862	75	85	86	77
2863	75	85	77	87
2864	75	85	87	78
2865	75	85	78	88
2866	75	85	88	79
2867	75	85	79	89
2868	75	85	89	80
2869	75	85	80	90
2870	75	85	90	81
2871	76	84	85	77
2872	76	84	77	86
2873	76	84	86	78
2874	76	84	78	87
2875	76	84	87	79
2876	76	84	79	88
2877	76	84	88	80
2878	76	84	80	89
2879	76	84	89	81
2880	76	84	81	90
2881	76	85	77	86
2882	76	85	86	78
2883	76	85	78	87
2884	76	85	87	79
2885	76	85	79	88
2886	76	85	88	80
2887	76	85	80	89
2888	76	85	89	81
2889	76	85	81	90
2890	76	86	77	87
2891	76	86	87	78
2892	76	86	78	88
2893	76	86	88	79
2894	76	86	79	89
2895	76	86	89	80
2896	76	86	80	90
2897	76	86	90	81
2898	77	85	86	78
2899	77	85	78	87
2900	77	85	87	79
2901	77	85	79	88
2902	77	85	88	80
2903	77	85	80	89
2904	77	85	89	81
2905	77	85	81	90
2906	77	86	78	87
2907	77	86	87	79
2908	77	86	79	88
2909	77	86	88	80
2910	77	86	80	89
2911	77	86	89	81
2912	77	86	81	90
2913	77	87	78	88
2914	77	87	88	79
2915	77	87	79	89
2916	77	87	89	80
2917	77	87	80	90
2918	77	87	90	81
2919	78	86	87	79
2920	78	86	79	88
2921	78	86	88	80
2922	78	86	80	89
2923	78	86	89	81
2924	78	86	81	90
2925	78	87	79	88
2926	78	87	88	80
2927	78	87	80	89
2928	78	87	89	81
2929	78	87	81	90
2930	78	88	79	89
2931	78	88	89	80
2932	78	88	80	90
2933	78	88	90	81
2934	79	87	88	80
2935	79	87	80	89
2936	79	87	89	81
2937	79	87	81	90
2938	79	88	80	89
2939	79	88	89	81
2940	79	88	81	90
2941	79	89	80	90
2942	79	89	90	81
2943	80	88	89	81
2944	80	88	81	90
2945	80	89	81	90				
2946	82	91	83	92
2947	82	91	92	84
2948	82	91	84	93
2949	82	91	93	85
2950	82	91	85	94
2951	82	91	94	86
2952	82	91	86	95
2953	82	91	95	87
2954	82	91	87	96
2955	82	91	96	88
2956	82	92	83	93
2957	82	92	93	84
2958	82	92	84	94
2959	82	92	94	85
2960	82	92	85	95
2961	82	92	95	86
2962	82	92	86	96
2963	82	92	96	87
2964	82	92	87	97
2965	82	92	97	88
2966	83	91	92	84
2967	83	91	84	93
2968	83	91	93	85
2969	83	91	85	94
2970	83	91	94	86
2971	83	91	86	95
2972	83	91	95	87
2973	83	91	87	96
2974	83	91	96	88
2975	83	91	88	97
2976	83	92	84	93
2977	83	92	93	85
2978	83	92	85	94
2979	83	92	94	86
2980	83	92	86	95
2981	83	92	95	87
2982	83	92	87	96
2983	83	92	96	88
2984	83	92	88	97
2985	83	92	97	89
2986	83	93	84	94
2987	83	93	94	85
2988	83	93	85	95
2989	83	93	95	86
2990	83	93	86	96
2991	83	93	96	87
2992	83	93	87	97
2993	83	93	97	88
2994	83	93	88	98
2995	83	93	98	89
2996	84	92	93	85
2997	84	92	85	94
2998	84	92	94	86
2999	84	92	86	95
3000	84	92	95	87
3001	84	92	87	96
3002	84	92	96	88
3003	84	92	88	97
3004	84	92	97	89
3005	84	92	89	98
3006	84	93	85	94
3007	84	93	94	86
3008	84	93	86	95
3009	84	93	95	87
3010	84	93	87	96
3011	84	93	96	88
3012	84	93	88	97
3013	84	93	97	89
3014	84	93	89	98
3015	84	93	98	90
3016	84	94	85	95
3017	84	94	95	86
3018	84	94	86	96
3019	84	94	96	87
3020	84	94	87	97
3021	84	94	97	88
3022	84	94	88	98
3023	84	94	98	89
3024	84	94	89	99
3025	84	94	99	90
3026	85	93	94	86
3027	85	93	86	95
3028	85	93	95	87
3029	85	93	87	96
3030	85	93	96	88
3031	85	93	88	97
3032	85	93	97	89
3033	85	93	89	98
3034	85	93	98	90
3035	85	93	90	99
3036	85	94	86	95
3037	85	94	95	87
3038	85	94	87	96
3039	85	94	96	88
3040	85	94	88	97
3041	85	94	97	89
3042	85	94	89	98
3043	85	94	98	90
3044	85	94	90	99
3045	85	95	86	96
3046	85	95	96	87
3047	85	95	87	97
3048	85	95	97	88
3049	85	95	88	98
3050	85	95	98	89
3051	85	95	89	99
3052	85	95	99	90
3053	86	94	95	87
3054	86	94	87	96
3055	86	94	96	88
3056	86	94	88	97
3057	86	94	97	89
3058	86	94	89	98
3059	86	94	98	90
3060	86	94	90	99
3061	86	95	87	96
3062	86	95	96	88
3063	86	95	88	97
3064	86	95	97	89
3065	86	95	89	98
3066	86	95	98	90
3067	86	95	90	99
3068	86	96	87	97
3069	86	96	97	88
3070	86	96	88	98
3071	86	96	98	89
3072	86	96	89	99
3073	86	96	99	90
3074	87	95	96	88
3075	87	95	88	97
3076	87	95	97	89
3077	87	95	89	98
3078	87	95	98	90
3079	87	95	90	99
3080	87	96	88	97
3081	87	96	97	89
3082	87	96	89	98
3083	87	96	98	90
3084	87	96	90	99
3085	87	97	88	98
3086	87	97	98	89
3087	87	97	89	99
3088	87	97	99	90
3089	88	96	97	89
3090	88	96	89	98
3091	88	96	98	90
3092	88	96	90	99
3093	88	97	89	98
3094	88	97	98	90
3095	88	97	90	99
3096	88	98	89	99
3097	88	98	99	90
3098	89	97	98	90
3099	89	97	90	99
3100	89	98	90	99				
3101	91	100	92	101
3102	91	100	101	93
3103	91	100	93	102
3104	91	100	102	94
3105	91	100	94	103
3106	91	100	103	95
3107	91	100	95	104
3108	91	100	104	96
3109	91	100	96	105
3110	91	100	105	97
3111	91	101	92	102
3112	91	101	102	93
3113	91	101	93	103
3114	91	101	103	94
3115	91	101	94	104
3116	91	101	104	95
3117	91	101	95	105
3118	91	101	105	96
3119	91	101	96	106
3120	91	101	106	97
3121	92	100	101	93
3122	92	100	93	102
3123	92	100	102	94
3124	92	100	94	103
3125	92	100	103	95
3126	92	100	95	104
3127	92	100	104	96
3128	92	100	96	105
3129	92	100	105	97
3130	92	100	97	106
3131	92	101	93	102
3132	92	101	102	94
3133	92	101	94	103
3134	92	101	103	95
3135	92	101	95	104
3136	92	101	104	96
3137	92	101	96	105
3138	92	101	105	97
3139	92	101	97	106
3140	92	101	106	98
3141	92	102	93	103
3142	92	102	103	94
3143	92	102	94	104
3144	92	102	104	95
3145	92	102	95	105
3146	92	102	105	96
3147	92	102	96	106
3148	92	102	106	97
3149	92	102	97	107
3150	92	102	107	98
3151	93	101	102	94
3152	93	101	94	103
3153	93	101	103	95
3154	93	101	95	104
3155	93	101	104	96
3156	93	101	96	105
3157	93	101	105	97
3158	93	101	97	106
3159	93	101	106	98
3160	93	101	98	107
3161	93	102	94	103
3162	93	102	103	95
3163	93	102	95	104
3164	93	102	104	96
3165	93	102	96	105
3166	93	102	105	97
3167	93	102	97	106
3168	93	102	106	98
3169	93	102	98	107
3170	93	102	107	99
3171	93	103	94	104
3172	93	103	104	95
3173	93	103	95	105
3174	93	103	105	96
3175	93	103	96	106
3176	93	103	106	97
3177	93	103	97	107
3178	93	103	107	98
3179	93	103	98	108
3180	93	103	108	99
3181	94	102	103	95
3182	94	102	95	104
3183	94	102	104	96
3184	94	102	96	105
3185	94	102	105	97
3186	94	102	97	106
3187	94	102	106	98
3188	94	102	98	107
3189	94	102	107	99
3190	94	102	99	108
3191	94	103	95	104
3192	94	103	104	96
3193	94	103	96	105
3194	94	103	105	97
3195	94	103	97	106
3196	94	103	106	98
3197	94	103	98	107
3198	94	103	107	99
3199	94	103	99	108
3200	94	104	95	105
3201	94	104	105	96
3202	94	104	96	106
3203	94	104	106	97
3204	94	104	97	107
3205	94	104	107	98
3206	94	104	98	108
3207	94	104	108	99
3208	95	103	104	96
3209	95	103	96	105
3210	95	103	105	97
3211	95	103	97	106
3212	95	103	106	98
3213	95	103	98	107
3214	95	103	107	99
3215	95	103	99	108
3216	94	104	96	105
3217	94	104	105	97
3218	94	104	97	106
3219	94	104	106	98
3220	94	104	98	107
3221	94	104	107	99
3222	94	104	99	108
3223	95	105	96	106
3224	95	105	106	97
3225	95	105	97	107
3226	95	105	107	98
3227	95	105	98	108
3228	95	105	108	99
3229	96	104	105	97
3230	96	104	97	106
3231	96	104	106	98
3232	96	104	98	107
3233	96	104	107	99
3234	96	104	99	108
3235	96	105	97	106
3236	96	105	106	98
3237	96	105	98	107
3238	96	105	107	99
3239	96	105	99	108
3240	96	106	97	107
3241	96	106	107	98
3242	96	106	98	108
3243	96	106	108	99
3244	97	105	106	98
3245	97	105	98	107
3246	97	105	107	99
3247	97	105	99	108
3248	97	106	98	107
3249	97	106	107	99
3250	97	106	99	108
3251	97	107	98	108
3252	97	107	108	99
3253	98	106	107	99
3254	98	106	99	108
3255	98	107	99	108				
3256	73	118	74	119
3257	73	118	119	75
3258	73	118	75	120
3259	73	118	120	76
3260	73	118	76	121
3261	73	118	121	77
3262	73	118	77	122
3263	73	118	122	78
3264	73	118	78	123
3265	73	118	123	79
3266	73	119	74	120
3267	73	119	120	75
3268	73	119	75	121
3269	73	119	121	76
3270	73	119	76	122
3271	73	119	122	77
3272	73	119	77	123
3273	73	119	123	78
3274	73	119	78	124
3275	73	119	124	79
3276	74	118	119	75
3277	74	118	75	120
3278	74	118	120	76
3279	74	118	76	121
3280	74	118	121	77
3281	74	118	77	122
3282	74	118	122	78
3283	74	118	78	123
3284	74	118	123	79
3285	74	118	79	124
3286	74	119	75	120
3287	74	119	120	76
3288	74	119	76	121
3289	74	119	121	77
3290	74	119	77	122
3291	74	119	122	78
3292	74	119	78	123
3293	74	119	123	79
3294	74	119	79	124
3295	74	119	124	80
3296	74	120	75	121
3297	74	120	121	76
3298	74	120	76	122
3299	74	120	122	77
3300	74	120	77	123
3301	74	120	123	78
3302	74	120	78	124
3303	74	120	124	79
3304	74	120	79	125
3305	74	120	125	80
3306	75	119	120	76
3307	75	119	76	121
3308	75	119	121	77
3309	75	119	77	122
3310	75	119	122	78
3311	75	119	78	123
3312	75	119	123	79
3313	75	119	79	124
3314	75	119	124	80
3315	75	119	80	125
3316	75	120	76	121
3317	75	120	121	77
3318	75	120	77	122
3319	75	120	122	78
3320	75	120	78	123
3321	75	120	123	79
3322	75	120	79	124
3323	75	120	124	80
3324	75	120	80	125
3325	75	120	125	81
3326	75	121	76	122
3327	75	121	122	77
3328	75	121	77	123
3329	75	121	123	78
3330	75	121	78	124
3331	75	121	124	79
3332	75	121	79	125
3333	75	121	125	80
3334	75	121	80	126
3335	75	121	126	81
3336	76	120	121	77
3337	76	120	77	122
3338	76	120	122	78
3339	76	120	78	123
3340	76	120	123	79
3341	76	120	79	124
3342	76	120	124	80
3343	76	120	80	125
3344	76	120	125	81
3345	76	120	81	126
3346	76	121	77	122
3347	76	121	122	78
3348	76	121	78	123
3349	76	121	123	79
3350	76	121	79	124
3351	76	121	124	80
3352	76	121	80	125
3353	76	121	125	81
3354	76	121	81	126
3355	76	122	77	123
3356	76	122	123	78
3357	76	122	78	124
3358	76	122	124	79
3359	76	122	79	125
3360	76	122	125	80
3361	76	122	80	126
3362	76	122	126	81
3363	77	121	122	78
3364	77	121	78	123
3365	77	121	123	79
3366	77	121	79	124
3367	77	121	124	80
3368	77	121	80	125
3369	77	121	125	81
3370	77	121	81	126
3371	77	122	78	123
3372	77	122	123	79
3373	77	122	79	124
3374	77	122	124	80
3375	77	122	80	125
3376	77	122	125	81
3377	77	122	81	126
3378	77	123	78	124
3379	77	123	124	79
3380	77	123	79	125
3381	77	123	125	80
3382	77	123	80	126
3383	77	123	126	81
3384	78	122	123	79
3385	78	122	79	124
3386	78	122	124	80
3387	78	122	80	125
3388	78	122	125	81
3389	78	122	81	126
3390	78	123	79	124
3391	78	123	124	80
3392	78	123	80	125
3393	78	123	125	81
3394	78	123	81	126
3395	78	124	79	125
3396	78	124	125	80
3397	78	124	80	126
3398	78	124	126	81
3399	79	123	124	80
3400	79	123	80	125
3401	79	123	125	81
3402	79	123	81	126
3403	79	124	80	125
3404	79	124	125	81
3405	79	124	81	126
3406	79	125	80	126
3407	79	125	126	81
3408	80	124	125	81
3409	80	124	81	126
3410	80	125	81	126				
3411	109	82	110	83
3412	109	82	83	111
3413	109	82	111	84
3414	109	82	84	112
3415	109	82	112	85
3416	109	82	85	113
3417	109	82	113	86
3418	109	82	86	114
3419	109	82	114	87
3420	109	82	87	115
3421	109	83	110	84
3422	109	83	84	111
3423	109	83	111	85
3424	109	83	85	112
3425	109	83	112	86
3426	109	83	86	113
3427	109	83	113	87
3428	109	83	87	114
3429	109	83	114	88
3430	109	83	88	115
3431	110	82	83	111
3432	110	82	111	84
3433	110	82	84	112
3434	110	82	112	85
3435	110	82	85	113
3436	110	82	113	86
3437	110	82	86	114
3438	110	82	114	87
3439	110	82	87	115
3440	110	82	115	88
3441	110	83	111	84
3442	110	83	84	112
3443	110	83	112	85
3444	110	83	85	113
3445	110	83	113	86
3446	110	83	86	114
3447	110	83	114	87
3448	110	83	87	115
3449	110	83	115	88
3450	110	83	88	116
3451	110	84	111	85
3452	110	84	85	112
3453	110	84	112	86
3454	110	84	86	113
3455	110	84	113	87
3456	110	84	87	114
3457	110	84	114	88
3458	110	84	88	115
3459	110	84	115	89
3460	110	84	89	116
3461	111	83	84	112
3462	111	83	112	85
3463	111	83	85	113
3464	111	83	113	86
3465	111	83	86	114
3466	111	83	114	87
3467	111	83	87	115
3468	111	83	115	88
3469	111	83	88	116
3470	111	83	116	89
3471	111	84	112	85
3472	111	84	85	113
3473	111	84	113	86
3474	111	84	86	114
3475	111	84	114	87
3476	111	84	87	115
3477	111	84	115	88
3478	111	84	88	116
3479	111	84	116	89
3480	111	84	89	117
3481	111	85	112	86
3482	111	85	86	113
3483	111	85	113	87
3484	111	85	87	114
3485	111	85	114	88
3486	111	85	88	115
3487	111	85	115	89
3488	111	85	89	116
3489	111	85	116	90
3490	111	85	90	117
3491	112	84	85	113
3492	112	84	113	86
3493	112	84	86	114
3494	112	84	114	87
3495	112	84	87	115
3496	112	84	115	88
3497	112	84	88	116
3498	112	84	116	89
3499	112	84	89	117
3500	112	84	117	90
3501	112	85	113	86
3502	112	85	86	114
3503	112	85	114	87
3504	112	85	87	115
3505	112	85	115	88
3506	112	85	88	116
3507	112	85	116	89
3508	112	85	89	117
3509	112	85	117	90
3510	112	86	113	87
3511	112	86	87	114
3512	112	86	114	88
3513	112	86	88	115
3514	112	86	115	89
3515	112	86	89	116
3516	112	86	116	90
3517	112	86	90	117
3518	113	85	86	114
3519	113	85	114	87
3520	113	85	87	115
3521	113	85	115	88
3522	113	85	88	116
3523	113	85	116	89
3524	113	85	89	117
3525	113	85	117	90
3526	113	86	114	87
3527	113	86	87	115
3528	113	86	115	88
3529	113	86	88	116
3530	113	86	116	89
3531	113	86	89	117
3532	113	86	117	90
3533	113	87	114	88
3534	113	87	88	115
3535	113	87	115	89
3536	113	87	89	116
3537	113	87	116	90
3538	113	87	90	117
3539	114	86	87	115
3540	114	86	115	88
3541	114	86	88	116
3542	114	86	116	89
3543	114	86	89	117
3544	114	86	117	90
3545	114	87	115	88
3546	114	87	88	116
3547	114	87	116	89
3548	114	87	89	117
3549	114	87	117	90
3550	114	88	115	89
3551	114	88	89	116
3552	114	88	116	90
3553	114	88	90	117
3554	115	87	88	116
3555	115	87	116	89
3556	115	87	89	117
3557	115	87	117	90
3558	115	88	116	89
3559	115	88	89	117
3560	115	88	117	90
3561	115	89	116	90
3562	115	89	90	117
3563	116	88	89	117
3564	116	88	117	90
3565	116	89	117	90				
3566	82	127	83	128
3567	82	127	128	84
3568	82	127	84	129
3569	82	127	129	85
3570	82	127	85	130
3571	82	127	130	86
3572	82	127	86	131
3573	82	127	131	87
3574	82	127	87	132
3575	82	127	132	88
3576	82	128	83	129
3577	82	128	129	84
3578	82	128	84	130
3579	82	128	130	85
3580	82	128	85	131
3581	82	128	131	86
3582	82	128	86	132
3583	82	128	132	87
3584	82	128	87	133
3585	82	128	133	88
3586	83	127	128	84
3587	83	127	84	129
3588	83	127	129	85
3589	83	127	85	130
3590	83	127	130	86
3591	83	127	86	131
3592	83	127	131	87
3593	83	127	87	132
3594	83	127	132	88
3595	83	127	88	133
3596	83	128	84	129
3597	83	128	129	85
3598	83	128	85	130
3599	83	128	130	86
3600	83	128	86	131
3601	83	128	131	87
3602	83	128	87	132
3603	83	128	132	88
3604	83	128	88	133
3605	83	128	133	89
3606	83	129	84	130
3607	83	129	130	85
3608	83	129	85	131
3609	83	129	131	86
3610	83	129	86	132
3611	83	129	132	87
3612	83	129	87	133
3613	83	129	133	88
3614	83	129	88	134
3615	83	129	134	89
3616	84	128	129	85
3617	84	128	85	130
3618	84	128	130	86
3619	84	128	86	131
3620	84	128	131	87
3621	84	128	87	132
3622	84	128	132	88
3623	84	128	88	133
3624	84	128	133	89
3625	84	128	89	134
3626	84	129	85	130
3627	84	129	130	86
3628	84	129	86	131
3629	84	129	131	87
3630	84	129	87	132
3631	84	129	132	88
3632	84	129	88	133
3633	84	129	133	89
3634	84	129	89	134
3635	84	129	134	90
3636	84	130	85	131
3637	84	130	131	86
3638	84	130	86	132
3639	84	130	132	87
3640	84	130	87	133
3641	84	130	133	88
3642	84	130	88	134
3643	84	130	134	89
3644	84	130	89	135
3645	84	130	135	90
3646	85	129	130	86
3647	85	129	86	131
3648	85	129	131	87
3649	85	129	87	132
3650	85	129	132	88
3651	85	129	88	133
3652	85	129	133	89
3653	85	129	89	134
3654	85	129	134	90
3655	85	129	90	135
3656	85	130	86	131
3657	85	130	131	87
3658	85	130	87	132
3659	85	130	132	88
3660	85	130	88	133
3661	85	130	133	89
3662	85	130	89	134
3663	85	130	134	90
3664	85	130	90	135
3665	85	131	86	132
3666	85	131	132	87
3667	85	131	87	133
3668	85	131	133	88
3669	85	131	88	134
3670	85	131	134	89
3671	85	131	89	135
3672	85	131	135	90
3673	86	130	131	87
3674	86	130	87	132
3675	86	130	132	88
3676	86	130	88	133
3677	86	130	133	89
3678	86	130	89	134
3679	86	130	134	90
3680	86	130	90	135
3681	86	131	87	132
3682	86	131	132	88
3683	86	131	88	133
3684	86	131	133	89
3685	86	131	89	134
3686	86	131	134	90
3687	86	131	90	135
3688	86	132	87	133
3689	86	132	133	88
3690	86	132	88	134
3691	86	132	134	89
3692	86	132	89	135
3693	86	132	135	90
3694	87	131	132	88
3695	87	131	88	133
3696	87	131	133	89
3697	87	131	89	134
3698	87	131	134	90
3699	87	131	90	135
3700	87	132	88	133
3701	87	132	133	89
3702	87	132	89	134
3703	87	132	134	90
3704	87	132	90	135
3705	87	133	88	134
3706	87	133	134	89
3707	87	133	89	135
3708	87	133	135	90
3709	88	132	133	89
3710	88	132	89	134
3711	88	132	134	90
3712	88	132	90	135
3713	88	133	89	134
3714	88	133	134	90
3715	88	133	90	135
3716	88	134	89	135
3717	88	134	135	90
3718	89	133	134	90
3719	89	133	90	135
3720	89	134	90	135				
3721	118	91	119	92
3722	118	91	92	120
3723	118	91	120	93
3724	118	91	93	121
3725	118	91	121	94
3726	118	91	94	122
3727	118	91	122	95
3728	118	91	95	123
3729	118	91	123	96
3730	118	91	96	124
3731	118	92	119	93
3732	118	92	93	120
3733	118	92	120	94
3734	118	92	94	121
3735	118	92	121	95
3736	118	92	95	122
3737	118	92	122	96
3738	118	92	96	123
3739	118	92	123	97
3740	118	92	97	124
3741	119	91	92	120
3742	119	91	120	93
3743	119	91	93	121
3744	119	91	121	94
3745	119	91	94	122
3746	119	91	122	95
3747	119	91	95	123
3748	119	91	123	96
3749	119	91	96	124
3750	119	91	124	97
3751	119	92	120	93
3752	119	92	93	121
3753	119	92	121	94
3754	119	92	94	122
3755	119	92	122	95
3756	119	92	95	123
3757	119	92	123	96
3758	119	92	96	124
3759	119	92	124	97
3760	119	92	97	125
3761	119	93	120	94
3762	119	93	94	121
3763	119	93	121	95
3764	119	93	95	122
3765	119	93	122	96
3766	119	93	96	123
3767	119	93	123	97
3768	119	93	97	124
3769	119	93	124	98
3770	119	93	98	125
3771	120	92	93	121
3772	120	92	121	94
3773	120	92	94	122
3774	120	92	122	95
3775	120	92	95	123
3776	120	92	123	96
3777	120	92	96	124
3778	120	92	124	97
3779	120	92	97	125
3780	120	92	125	98
3781	120	93	121	94
3782	120	93	94	122
3783	120	93	122	95
3784	120	93	95	123
3785	120	93	123	96
3786	120	93	96	124
3787	120	93	124	97
3788	120	93	97	125
3789	120	93	125	98
3790	120	93	98	126
3791	120	94	121	95
3792	120	94	95	122
3793	120	94	122	96
3794	120	94	96	123
3795	120	94	123	97
3796	120	94	97	124
3797	120	94	124	98
3798	120	94	98	125
3799	120	94	125	99
3800	120	94	99	126
3801	121	93	94	122
3802	121	93	122	95
3803	121	93	95	123
3804	121	93	123	96
3805	121	93	96	124
3806	121	93	124	97
3807	121	93	97	125
3808	121	93	125	98
3809	121	93	98	126
3810	121	93	126	99
3811	121	94	122	95
3812	121	94	95	123
3813	121	94	123	96
3814	121	94	96	124
3815	121	94	124	97
3816	121	94	97	125
3817	121	94	125	98
3818	121	94	98	126
3819	121	94	126	99
3820	121	95	122	96
3821	121	95	96	123
3822	121	95	123	97
3823	121	95	97	124
3824	121	95	124	98
3825	121	95	98	125
3826	121	95	125	99
3827	121	95	99	126
3828	122	94	95	123
3829	122	94	123	96
3830	122	94	96	124
3831	122	94	124	97
3832	122	94	97	125
3833	122	94	125	98
3834	122	94	98	126
3835	122	94	126	99
3836	122	95	123	96
3837	122	95	96	124
3838	122	95	124	97
3839	122	95	97	125
3840	122	95	125	98
3841	122	95	98	126
3842	122	95	126	99
3843	122	96	123	97
3844	122	96	97	124
3845	122	96	124	98
3846	122	96	98	125
3847	122	96	125	99
3848	122	96	99	126
3849	123	95	96	124
3850	123	95	124	97
3851	123	95	97	125
3852	123	95	125	98
3853	123	95	98	126
3854	123	95	126	99
3855	123	96	124	97
3856	123	96	97	125
3857	123	96	125	98
3858	123	96	98	126
3859	123	96	126	99
3860	123	97	124	98
3861	123	97	98	125
3862	123	97	125	99
3863	123	97	99	126
3864	124	96	97	125
3865	124	96	125	98
3866	124	96	98	126
3867	124	96	126	99
3868	124	97	125	98
3869	124	97	98	126
3870	124	97	126	99
3871	124	98	125	99
3872	124	98	99	126
3873	125	97	98	126
3874	125	97	126	99
3875	125	98	126	99				
3876	91	136	92	137
3877	91	136	137	93
3878	91	136	93	138
3879	91	136	138	94
3880	91	136	94	139
3881	91	136	139	95
3882	91	136	95	140
3883	91	136	140	96
3884	91	136	96	141
3885	91	136	141	97
3886	91	137	92	138
3887	91	137	138	93
3888	91	137	93	139
3889	91	137	139	94
3890	91	137	94	140
3891	91	137	140	95
3892	91	137	95	141
3893	91	137	141	96
3894	91	137	96	142
3895	91	137	142	97
3896	92	136	137	93
3897	92	136	93	138
3898	92	136	138	94
3899	92	136	94	139
3900	92	136	139	95
3901	92	136	95	140
3902	92	136	140	96
3903	92	136	96	141
3904	92	136	141	97
3905	92	136	97	142
3906	92	137	93	138
3907	92	137	138	94
3908	92	137	94	139
3909	92	137	139	95
3910	92	137	95	140
3911	92	137	140	96
3912	92	137	96	141
3913	92	137	141	97
3914	92	137	97	142
3915	92	137	142	98
3916	92	138	93	139
3917	92	138	139	94
3918	92	138	94	140
3919	92	138	140	95
3920	92	138	95	141
3921	92	138	141	96
3922	92	138	96	142
3923	92	138	142	97
3924	92	138	97	143
3925	92	138	143	98
3926	93	137	138	94
3927	93	137	94	139
3928	93	137	139	95
3929	93	137	95	140
3930	93	137	140	96
3931	93	137	96	141
3932	93	137	141	97
3933	93	137	97	142
3934	93	137	142	98
3935	93	137	98	143
3936	93	138	94	139
3937	93	138	139	95
3938	93	138	95	140
3939	93	138	140	96
3940	93	138	96	141
3941	93	138	141	97
3942	93	138	97	142
3943	93	138	142	98
3944	93	138	98	143
3945	93	138	143	99
3946	93	139	94	140
3947	93	139	140	95
3948	93	139	95	141
3949	93	139	141	96
3950	93	139	96	142
3951	93	139	142	97
3952	93	139	97	143
3953	93	139	143	98
3954	93	139	98	144
3955	93	139	144	99
3956	94	138	139	95
3957	94	138	95	140
3958	94	138	140	96
3959	94	138	96	141
3960	94	138	141	97
3961	94	138	97	142
3962	94	138	142	98
3963	94	138	98	143
3964	94	138	143	99
3965	94	138	99	144
3966	94	139	95	140
3967	94	139	140	96
3968	94	139	96	141
3969	94	139	141	97
3970	94	139	97	142
3971	94	139	142	98
3972	94	139	98	143
3973	94	139	143	99
3974	94	139	99	144
3975	94	140	95	141
3976	94	140	141	96
3977	94	140	96	142
3978	94	140	142	97
3979	94	140	97	143
3980	94	140	143	98
3981	94	140	98	144
3982	94	140	144	99
3983	95	139	140	96
3984	95	139	96	141
3985	95	139	141	97
3986	95	139	97	142
3987	95	139	142	98
3988	95	139	98	143
3989	95	139	143	99
3990	95	139	99	144
3991	95	140	96	141
3992	95	140	141	97
3993	95	140	97	142
3994	95	140	142	98
3995	95	140	98	143
3996	95	140	143	99
3997	95	140	99	144
3998	95	141	96	142
3999	95	141	142	97
4000	95	141	97	143
4001	95	141	143	98
4002	95	141	98	144
4003	95	141	144	99
4004	96	140	141	97
4005	96	140	97	142
4006	96	140	142	98
4007	96	140	98	143
4008	96	140	143	99
4009	96	140	99	144
4010	96	141	97	142
4011	96	141	142	98
4012	96	141	98	143
4013	96	141	143	99
4014	96	141	99	144
4015	96	142	97	143
4016	96	142	143	98
4017	96	142	98	144
4018	96	142	144	99
4019	97	141	142	98
4020	97	141	98	143
4021	97	141	143	99
4022	97	141	99	144
4023	97	142	98	143
4024	97	142	143	99
4025	97	142	99	144
4026	97	143	98	144
4027	97	143	144	99
4028	98	142	143	99
4029	98	142	99	144
4030	98	143	99	144				
4031	127	100	128	101
4032	127	100	101	129
4033	127	100	129	102
4034	127	100	102	130
4035	127	100	130	103
4036	127	100	103	131
4037	127	100	131	104
4038	127	100	104	132
4039	127	100	132	105
4040	127	100	105	133
4041	127	101	128	102
4042	127	101	102	129
4043	127	101	129	103
4044	127	101	103	130
4045	127	101	130	104
4046	127	101	104	131
4047	127	101	131	105
4048	127	101	105	132
4049	127	101	132	106
4050	127	101	106	133
4051	128	100	101	129
4052	128	100	129	102
4053	128	100	102	130
4054	128	100	130	103
4055	128	100	103	131
4056	128	100	131	104
4057	128	100	104	132
4058	128	100	132	105
4059	128	100	105	133
4060	128	100	133	106
4061	128	101	129	102
4062	128	101	102	130
4063	128	101	130	103
4064	128	101	103	131
4065	128	101	131	104
4066	128	101	104	132
4067	128	101	132	105
4068	128	101	105	133
4069	128	101	133	106
4070	128	101	106	134
4071	128	102	129	103
4072	128	102	103	130
4073	128	102	130	104
4074	128	102	104	131
4075	128	102	131	105
4076	128	102	105	132
4077	128	102	132	106
4078	128	102	106	133
4079	128	102	133	107
4080	128	102	107	134
4081	129	101	102	130
4082	129	101	130	103
4083	129	101	103	131
4084	129	101	131	104
4085	129	101	104	132
4086	129	101	132	105
4087	129	101	105	133
4088	129	101	133	106
4089	129	101	106	134
4090	129	101	134	107
4091	129	102	130	103
4092	129	102	103	131
4093	129	102	131	104
4094	129	102	104	132
4095	129	102	132	105
4096	129	102	105	133
4097	129	102	133	106
4098	129	102	106	134
4099	129	102	134	107
4100	129	102	107	135
4101	129	103	130	104
4102	129	103	104	131
4103	129	103	131	105
4104	129	103	105	132
4105	129	103	132	106
4106	129	103	106	133
4107	129	103	133	107
4108	129	103	107	134
4109	129	103	134	108
4110	129	103	108	135
4111	130	102	103	131
4112	130	102	131	104
4113	130	102	104	132
4114	130	102	132	105
4115	130	102	105	133
4116	130	102	133	106
4117	130	102	106	134
4118	130	102	134	107
4119	130	102	107	135
4120	130	102	135	108
4121	130	103	131	104
4122	130	103	104	132
4123	130	103	132	105
4124	130	103	105	133
4125	130	103	133	106
4126	130	103	106	134
4127	130	103	134	107
4128	130	103	107	135
4129	130	103	135	108
4130	130	104	131	105
4131	130	104	105	132
4132	130	104	132	106
4133	130	104	106	133
4134	130	104	133	107
4135	130	104	107	134
4136	130	104	134	108
4137	130	104	108	135
4138	131	103	104	132
4139	131	103	132	105
4140	131	103	105	133
4141	131	103	133	106
4142	131	103	106	134
4143	131	103	134	107
4144	131	103	107	135
4145	131	103	135	108
4146	131	104	132	105
4147	131	104	105	133
4148	131	104	133	106
4149	131	104	106	134
4150	131	104	134	107
4151	131	104	107	135
4152	131	104	135	108
4153	131	105	132	106
4154	131	105	106	133
4155	131	105	133	107
4156	131	105	107	134
4157	131	105	134	108
4158	131	105	108	135
4159	132	104	105	133
4160	132	104	133	106
4161	132	104	106	134
4162	132	104	134	107
4163	132	104	107	135
4164	132	104	135	108
4165	132	105	133	106
4166	132	105	106	134
4167	132	105	134	107
4168	132	105	107	135
4169	132	105	135	108
4170	132	106	133	107
4171	132	106	107	134
4172	132	106	134	108
4173	132	106	108	135
4174	133	105	106	134
4175	133	105	134	107
4176	133	105	107	135
4177	133	105	135	108
4178	133	106	134	107
4179	133	106	107	135
4180	133	106	135	108
4181	133	107	134	108
4182	133	107	108	135
4183	134	106	107	135
4184	134	106	135	108
4185	134	107	135	108				
4186	109	118	110	119
4187	109	118	119	111
4188	109	118	111	120
4189	109	118	120	112
4190	109	118	112	121
4191	109	118	121	113
4192	109	118	113	122
4193	109	118	122	114
4194	109	118	114	123
4195	109	118	123	115
4196	109	119	110	120
4197	109	119	120	111
4198	109	119	111	121
4199	109	119	121	112
4200	109	119	112	122
4201	109	119	122	113
4202	109	119	113	123
4203	109	119	123	114
4204	109	119	114	124
4205	109	119	124	115
4206	110	118	119	111
4207	110	118	111	120
4208	110	118	120	112
4209	110	118	112	121
4210	110	118	121	113
4211	110	118	113	122
4212	110	118	122	114
4213	110	118	114	123
4214	110	118	123	115
4215	110	118	115	124
4216	110	119	111	120
4217	110	119	120	112
4218	110	119	112	121
4219	110	119	121	113
4220	110	119	113	122
4221	110	119	122	114
4222	110	119	114	123
4223	110	119	123	115
4224	110	119	115	124
4225	110	119	124	116
4226	110	120	111	121
4227	110	120	121	112
4228	110	120	112	122
4229	110	120	122	113
4230	110	120	113	123
4231	110	120	123	114
4232	110	120	114	124
4233	110	120	124	115
4234	110	120	115	125
4235	110	120	125	116
4236	111	119	120	112
4237	111	119	112	121
4238	111	119	121	113
4239	111	119	113	122
4240	111	119	122	114
4241	111	119	114	123
4242	111	119	123	115
4243	111	119	115	124
4244	111	119	124	116
4245	111	119	116	125
4246	111	120	112	121
4247	111	120	121	113
4248	111	120	113	122
4249	111	120	122	114
4250	111	120	114	123
4251	111	120	123	115
4252	111	120	115	124
4253	111	120	124	116
4254	111	120	116	125
4255	111	120	125	117
4256	111	121	112	122
4257	111	121	122	113
4258	111	121	113	123
4259	111	121	123	114
4260	111	121	114	124
4261	111	121	124	115
4262	111	121	115	125
4263	111	121	125	116
4264	111	121	116	126
4265	111	121	126	117
4266	112	120	121	113
4267	112	120	113	122
4268	112	120	122	114
4269	112	120	114	123
4270	112	120	123	115
4271	112	120	115	124
4272	112	120	124	116
4273	112	120	116	125
4274	112	120	125	117
4275	112	120	117	126
4276	112	121	113	122
4277	112	121	122	114
4278	112	121	114	123
4279	112	121	123	115
4280	112	121	115	124
4281	112	121	124	116
4282	112	121	116	125
4283	112	121	125	117
4284	112	121	117	126
4285	112	122	113	123
4286	112	122	123	114
4287	112	122	114	124
4288	112	122	124	115
4289	112	122	115	125
4290	112	122	125	116
4291	112	122	116	126
4292	112	122	126	117
4293	113	121	122	114
4294	113	121	114	123
4295	113	121	123	115
4296	113	121	115	124
4297	113	121	124	116
4298	113	121	116	125
4299	113	121	125	117
4300	113	121	117	126
4301	113	122	114	123
4302	113	122	123	115
4303	113	122	115	124
4304	113	122	124	116
4305	113	122	116	125
4306	113	122	125	117
4307	113	122	117	126
4308	113	123	114	124
4309	113	123	124	115
4310	113	123	115	125
4311	113	123	125	116
4312	113	123	116	126
4313	113	123	126	117
4314	114	122	123	115
4315	114	122	115	124
4316	114	122	124	116
4317	114	122	116	125
4318	114	122	125	117
4319	114	122	117	126
4320	114	123	115	124
4321	114	123	124	116
4322	114	123	116	125
4323	114	123	125	117
4324	114	123	117	126
4325	114	124	115	125
4326	114	124	125	116
4327	114	124	116	126
4328	114	124	126	117
4329	115	123	124	116
4330	115	123	116	125
4331	115	123	125	117
4332	115	123	117	126
4333	115	124	116	125
4334	115	124	125	117
4335	115	124	117	126
4336	115	125	116	126
4337	115	125	126	117
4338	116	124	125	117
4339	116	124	117	126
4340	116	125	117	126				
4341	118	127	119	128
4342	118	127	128	120
4343	118	127	120	129
4344	118	127	129	121
4345	118	127	121	130
4346	118	127	130	122
4347	118	127	122	131
4348	118	127	131	123
4349	118	127	123	132
4350	118	127	132	124
4351	118	128	119	129
4352	118	128	129	120
4353	118	128	120	130
4354	118	128	130	121
4355	118	128	121	131
4356	118	128	131	122
4357	118	128	122	132
4358	118	128	132	123
4359	118	128	123	133
4360	118	128	133	124
4361	119	127	128	120
4362	119	127	120	129
4363	119	127	129	121
4364	119	127	121	130
4365	119	127	130	122
4366	119	127	122	131
4367	119	127	131	123
4368	119	127	123	132
4369	119	127	132	124
4370	119	127	124	133
4371	119	128	120	129
4372	119	128	129	121
4373	119	128	121	130
4374	119	128	130	122
4375	119	128	122	131
4376	119	128	131	123
4377	119	128	123	132
4378	119	128	132	124
4379	119	128	124	133
4380	119	128	133	125
4381	119	129	120	130
4382	119	129	130	121
4383	119	129	121	131
4384	119	129	131	122
4385	119	129	122	132
4386	119	129	132	123
4387	119	129	123	133
4388	119	129	133	124
4389	119	129	124	134
4390	119	129	134	125
4391	120	128	129	121
4392	120	128	121	130
4393	120	128	130	122
4394	120	128	122	131
4395	120	128	131	123
4396	120	128	123	132
4397	120	128	132	124
4398	120	128	124	133
4399	120	128	133	125
4400	120	128	125	134
4401	120	129	121	130
4402	120	129	130	122
4403	120	129	122	131
4404	120	129	131	123
4405	120	129	123	132
4406	120	129	132	124
4407	120	129	124	133
4408	120	129	133	125
4409	120	129	125	134
4410	120	129	134	126
4411	120	130	121	131
4412	120	130	131	122
4413	120	130	122	132
4414	120	130	132	123
4415	120	130	123	133
4416	120	130	133	124
4417	120	130	124	134
4418	120	130	134	125
4419	120	130	125	135
4420	120	130	135	126
4421	121	129	130	122
4422	121	129	122	131
4423	121	129	131	123
4424	121	129	123	132
4425	121	129	132	124
4426	121	129	124	133
4427	121	129	133	125
4428	121	129	125	134
4429	121	129	134	126
4430	121	129	126	135
4431	121	130	122	131
4432	121	130	131	123
4433	121	130	123	132
4434	121	130	132	124
4435	121	130	124	133
4436	121	130	133	125
4437	121	130	125	134
4438	121	130	134	126
4439	121	130	126	135
4440	121	131	122	132
4441	121	131	132	123
4442	121	131	123	133
4443	121	131	133	124
4444	121	131	124	134
4445	121	131	134	125
4446	121	131	125	135
4447	121	131	135	126
4448	122	130	131	123
4449	122	130	123	132
4450	122	130	132	124
4451	122	130	124	133
4452	122	130	133	125
4453	122	130	125	134
4454	122	130	134	126
4455	122	130	126	135
4456	122	131	123	132
4457	122	131	132	124
4458	122	131	124	133
4459	122	131	133	125
4460	122	131	125	134
4461	122	131	134	126
4462	122	131	126	135
4463	122	132	123	133
4464	122	132	133	124
4465	122	132	124	134
4466	122	132	134	125
4467	122	132	125	135
4468	122	132	135	126
4469	123	131	132	124
4470	123	131	124	133
4471	123	131	133	125
4472	123	131	125	134
4473	123	131	134	126
4474	123	131	126	135
4475	123	132	124	133
4476	123	132	133	125
4477	123	132	125	134
4478	123	132	134	126
4479	123	132	126	135
4480	123	133	124	134
4481	123	133	134	125
4482	123	133	125	135
4483	123	133	135	126
4484	124	132	133	125
4485	124	132	125	134
4486	124	132	134	126
4487	124	132	126	135
4488	124	133	125	134
4489	124	133	134	126
4490	124	133	126	135
4491	124	134	125	135
4492	124	134	135	126
4493	125	133	134	126
4494	125	133	126	135
4495	125	134	126	135				
4496	127	136	128	137
4497	127	136	137	129
4498	127	136	129	138
4499	127	136	138	130
4500	127	136	130	139
4501	127	136	139	131
4502	127	136	131	140
4503	127	136	140	132
4504	127	136	132	141
4505	127	136	141	133
4506	127	137	128	138
4507	127	137	138	129
4508	127	137	129	139
4509	127	137	139	130
4510	127	137	130	140
4511	127	137	140	131
4512	127	137	131	141
4513	127	137	141	132
4514	127	137	132	142
4515	127	137	142	133
4516	128	136	137	129
4517	128	136	129	138
4518	128	136	138	130
4519	128	136	130	139
4520	128	136	139	131
4521	128	136	131	140
4522	128	136	140	132
4523	128	136	132	141
4524	128	136	141	133
4525	128	136	133	142
4526	128	137	129	138
4527	128	137	138	130
4528	128	137	130	139
4529	128	137	139	131
4530	128	137	131	140
4531	128	137	140	132
4532	128	137	132	141
4533	128	137	141	133
4534	128	137	133	142
4535	128	137	142	134
4536	128	138	129	139
4537	128	138	139	130
4538	128	138	130	140
4539	128	138	140	131
4540	128	138	131	141
4541	128	138	141	132
4542	128	138	132	142
4543	128	138	142	133
4544	128	138	133	143
4545	128	138	143	134
4546	129	137	138	130
4547	129	137	130	139
4548	129	137	139	131
4549	129	137	131	140
4550	129	137	140	132
4551	129	137	132	141
4552	129	137	141	133
4553	129	137	133	142
4554	129	137	142	134
4555	129	137	134	143
4556	129	138	130	139
4557	129	138	139	131
4558	129	138	131	140
4559	129	138	140	132
4560	129	138	132	141
4561	129	138	141	133
4562	129	138	133	142
4563	129	138	142	134
4564	129	138	134	143
4565	129	138	143	135
4566	129	139	130	140
4567	129	139	140	131
4568	129	139	131	141
4569	129	139	141	132
4570	129	139	132	142
4571	129	139	142	133
4572	129	139	133	143
4573	129	139	143	134
4574	129	139	134	144
4575	129	139	144	135
4576	130	138	139	131
4577	130	138	131	140
4578	130	138	140	132
4579	130	138	132	141
4580	130	138	141	133
4581	130	138	133	142
4582	130	138	142	134
4583	130	138	134	143
4584	130	138	143	135
4585	130	138	135	144
4586	130	139	131	140
4587	130	139	140	132
4588	130	139	132	141
4589	130	139	141	133
4590	130	139	133	142
4591	130	139	142	134
4592	130	139	134	143
4593	130	139	143	135
4594	130	139	135	144
4595	130	140	131	141
4596	130	140	141	132
4597	130	140	132	142
4598	130	140	142	133
4599	130	140	133	143
4600	130	140	143	134
4601	130	140	134	144
4602	130	140	144	135
4603	131	139	140	132
4604	131	139	132	141
4605	131	139	141	133
4606	131	139	133	142
4607	131	139	142	134
4608	131	139	134	143
4609	131	139	143	135
4610	131	139	135	144
4611	131	140	132	141
4612	131	140	141	133
4613	131	140	133	142
4614	131	140	142	134
4615	131	140	134	143
4616	131	140	143	135
4617	131	140	135	144
4618	131	141	132	142
4619	131	141	142	133
4620	131	141	133	143
4621	131	141	143	134
4622	131	141	134	144
4623	131	141	144	135
4624	132	140	141	133
4625	132	140	133	142
4626	132	140	142	134
4627	132	140	134	143
4628	132	140	143	135
4629	132	140	135	144
4630	132	141	133	142
4631	132	141	142	134
4632	132	141	134	143
4633	132	141	143	135
4634	132	141	135	144
4635	132	142	133	143
4636	132	142	143	134
4637	132	142	134	144
4638	132	142	144	135
4639	133	141	142	134
4640	133	141	134	143
4641	133	141	143	135
4642	133	141	135	144
4643	133	142	134	143
4644	133	142	143	135
4645	133	142	135	144
4646	133	143	134	144
4647	133	143	144	135
4648	134	142	143	135
4649	134	142	135	144
4650	134	143	135	144
